    0.000   10.000   30.000   50.000   70.000   90.000  110.000  130.000  150.000  170.000
     10.000   1.897E-02  2.445E-02  2.678E-02  2.278E-02  1.591E-02  1.827E-02  1.810E-02  1.256E-02  2.084E-03 
     30.000   2.445E-02  2.633E-02  2.699E-02  2.434E-02  2.049E-02  1.994E-02  1.836E-02  1.227E-02  1.990E-03 
     50.000   2.678E-02  2.699E-02  2.631E-02  2.474E-02  2.228E-02  2.052E-02  1.788E-02  1.029E-02  1.506E-03 
     70.000   2.278E-02  2.434E-02  2.474E-02  2.224E-02  1.858E-02  1.738E-02  1.388E-02  3.668E-03  4.435E-04 
     90.000   1.591E-02  2.049E-02  2.228E-02  1.858E-02  1.237E-02  1.272E-02  8.877E-03  1.494E-03  0.000E+00 
    110.000   1.827E-02  1.994E-02  2.052E-02  1.738E-02  1.272E-02  8.608E-03  2.456E-03  3.569E-04  0.000E+00 
    130.000   1.810E-02  1.836E-02  1.788E-02  1.388E-02  8.877E-03  2.456E-03  4.008E-04  0.000E+00  0.000E+00 
    150.000   1.256E-02  1.227E-02  1.029E-02  3.668E-03  1.494E-03  3.569E-04  0.000E+00  0.000E+00  0.000E+00 
    170.000   2.084E-03  1.990E-03  1.506E-03  4.435E-04  0.000E+00  0.000E+00  0.000E+00  0.000E+00  0.000E+00 
