    0.000   10.000   30.000   50.000   70.000   90.000  110.000  130.000  150.000  170.000
     10.000   1.101E-02  1.915E-02  2.126E-02  1.786E-02  9.238E-03  1.434E-02  1.445E-02  1.164E-02  1.611E-02 
     30.000   1.915E-02  2.086E-02  2.136E-02  1.930E-02  1.608E-02  1.586E-02  1.469E-02  1.135E-02  1.532E-02 
     50.000   2.126E-02  2.136E-02  2.031E-02  1.959E-02  1.772E-02  1.637E-02  1.501E-02  1.063E-02  1.177E-02 
     70.000   1.786E-02  1.930E-02  1.959E-02  1.764E-02  1.459E-02  1.388E-02  1.297E-02  2.512E-02  5.682E-03 
     90.000   9.238E-03  1.608E-02  1.772E-02  1.459E-02  7.209E-03  1.051E-02  9.135E-03  1.214E-02  0.000E+00 
    110.000   1.434E-02  1.586E-02  1.637E-02  1.388E-02  1.051E-02  8.937E-03  1.677E-02  4.519E-03  0.000E+00 
    130.000   1.445E-02  1.469E-02  1.501E-02  1.297E-02  9.135E-03  1.677E-02  5.166E-03  0.000E+00  0.000E+00 
    150.000   1.164E-02  1.135E-02  1.063E-02  2.512E-02  1.214E-02  4.519E-03  0.000E+00  0.000E+00  0.000E+00 
    170.000   1.611E-02  1.532E-02  1.177E-02  5.682E-03  0.000E+00  0.000E+00  0.000E+00  0.000E+00  0.000E+00 
