    0.000    6.000   12.000   18.000   24.000   30.000   36.000   42.000   48.000   54.000   60.000
      6.000   5.990E-04  1.738E-03  2.707E-03  3.411E-03  3.782E-03  3.782E-03  3.411E-03  2.707E-03  1.738E-03  5.990E-04 
     12.000   1.738E-03  5.044E-03  7.856E-03  9.899E-03  1.097E-02  1.097E-02  9.899E-03  7.856E-03  5.044E-03  1.738E-03 
     18.000   2.707E-03  7.856E-03  1.224E-02  1.542E-02  1.709E-02  1.709E-02  1.542E-02  1.224E-02  7.856E-03  2.707E-03 
     24.000   3.411E-03  9.899E-03  1.542E-02  1.943E-02  2.153E-02  2.153E-02  1.943E-02  1.542E-02  9.899E-03  3.411E-03 
     30.000   3.782E-03  1.097E-02  1.709E-02  2.153E-02  2.387E-02  2.387E-02  2.153E-02  1.709E-02  1.097E-02  3.782E-03 
     36.000   3.782E-03  1.097E-02  1.709E-02  2.153E-02  2.387E-02  2.387E-02  2.153E-02  1.709E-02  1.097E-02  3.782E-03 
     42.000   3.411E-03  9.899E-03  1.542E-02  1.943E-02  2.153E-02  2.153E-02  1.943E-02  1.542E-02  9.899E-03  3.411E-03 
     48.000   2.707E-03  7.856E-03  1.224E-02  1.542E-02  1.709E-02  1.709E-02  1.542E-02  1.224E-02  7.856E-03  2.707E-03 
     54.000   1.738E-03  5.044E-03  7.856E-03  9.899E-03  1.097E-02  1.097E-02  9.899E-03  7.856E-03  5.044E-03  1.738E-03 
     60.000   5.990E-04  1.738E-03  2.707E-03  3.411E-03  3.782E-03  3.782E-03  3.411E-03  2.707E-03  1.738E-03  5.990E-04 
