    0.000   10.803   32.409   54.015   75.621   97.227  118.833  140.439  162.045  183.651
   8145.462   2.253E-02  2.966E-02  2.432E-02  3.538E-02  4.255E-02  1.972E-02  9.067E-03  9.286E-03  7.664E-04 
   8167.068   2.966E-02  4.307E-02  3.244E-02  4.479E-02  2.788E-02  1.275E-02  9.499E-03  7.368E-03  5.608E-04 
   8188.674   2.432E-02  3.244E-02  2.307E-02  2.832E-02  1.664E-02  1.419E-02  6.320E-03  1.039E-03  1.138E-04 
   8210.280   3.538E-02  4.479E-02  2.832E-02  3.362E-02  1.991E-02  1.609E-02  9.273E-03  6.318E-04  0.000E+00 
   8231.887   4.255E-02  2.788E-02  1.664E-02  1.991E-02  1.242E-02  1.152E-02  1.486E-03  1.465E-04  0.000E+00 
   8253.493   1.972E-02  1.275E-02  1.419E-02  1.609E-02  1.152E-02  1.441E-03  1.969E-04  0.000E+00  0.000E+00 
   8275.100   9.067E-03  9.499E-03  6.320E-03  9.273E-03  1.486E-03  1.969E-04  0.000E+00  0.000E+00  0.000E+00 
   8296.706   9.286E-03  7.368E-03  1.039E-03  6.318E-04  1.465E-04  0.000E+00  0.000E+00  0.000E+00  0.000E+00 
   8318.312   7.664E-04  5.608E-04  1.138E-04  0.000E+00  0.000E+00  0.000E+00  0.000E+00  0.000E+00  0.000E+00 
