    0.000   10.803   32.409   54.015   75.621   97.227  118.833  140.439  162.045  183.651
  *********     1.148   1.108   1.179   1.114   1.158   1.098   0.813   0.712   0.000
  *********     1.108   1.178   1.184   1.183   1.134   1.065   0.921   0.570   0.000
  *********     1.179   1.184   1.201   1.159   1.112   0.990   0.901   0.000   0.000
  *********     1.114   1.183   1.159   1.123   1.015   0.963   0.640   0.000   0.000
  *********     1.158   1.134   1.112   1.015   0.900   0.707   0.000   0.000   0.000
  *********     1.098   1.065   0.990   0.963   0.707   0.000   0.000   0.000   0.000
  *********     0.813   0.921   0.901   0.640   0.000   0.000   0.000   0.000   0.000
  *********     0.712   0.570   0.000   0.000   0.000   0.000   0.000   0.000   0.000
  *********     0.000   0.000   0.000   0.000   0.000   0.000   0.000   0.000   0.000
