    0.000   10.000   30.000   50.000   70.000   90.000  110.000  130.000  150.000  170.000
  *********   1.765E-04  1.785E-04  5.096E-05  6.936E-06  6.077E-07  1.029E-07  1.574E-08  2.565E-09  1.955E-09 
  *********   1.785E-04  1.452E-04  4.098E-05  5.633E-06  7.432E-07  1.008E-07  1.441E-08  2.344E-09  1.783E-09 
  *********   5.096E-05  4.098E-05  1.447E-05  2.678E-06  4.337E-07  6.645E-08  1.069E-08  1.930E-09  1.317E-09 
  *********   6.936E-06  5.633E-06  2.678E-06  7.602E-07  1.585E-07  2.929E-08  5.712E-09  5.021E-09  8.072E-10 
  *********   6.077E-07  7.432E-07  4.337E-07  1.585E-07  2.826E-08  9.066E-09  2.339E-09  2.168E-09  0.000E+00 
  *********   1.029E-07  1.008E-07  6.645E-08  2.929E-08  9.066E-09  2.814E-09  3.341E-09  7.511E-10  0.000E+00 
  *********   1.574E-08  1.441E-08  1.069E-08  5.712E-09  2.339E-09  3.341E-09  9.663E-10  0.000E+00  0.000E+00 
  *********   2.565E-09  2.344E-09  1.930E-09  5.021E-09  2.168E-09  7.511E-10  0.000E+00  0.000E+00  0.000E+00 
  *********   1.955E-09  1.783E-09  1.317E-09  8.072E-10  0.000E+00  0.000E+00  0.000E+00  0.000E+00  0.000E+00 
