    0.000   10.803   32.409   54.015   75.621   97.227  118.833  140.439  162.045  183.651
     10.803   2.681E-02  2.168E-02  2.777E-02  2.202E-02  2.770E-02  2.221E-02  2.005E-02  1.298E-02  8.219E-04 
     32.409   2.168E-02  2.767E-02  2.326E-02  2.811E-02  2.261E-02  2.580E-02  1.633E-02  1.037E-02  6.049E-04 
     54.015   2.777E-02  2.326E-02  2.847E-02  2.295E-02  2.668E-02  1.993E-02  1.607E-02  1.518E-03  1.473E-04 
     75.621   2.202E-02  2.811E-02  2.295E-02  2.687E-02  2.034E-02  1.695E-02  1.143E-02  7.157E-04  0.000E+00 
     97.227   2.770E-02  2.261E-02  2.668E-02  2.034E-02  2.206E-02  1.273E-02  1.274E-03  1.608E-04  0.000E+00 
    118.833   2.221E-02  2.580E-02  1.993E-02  1.695E-02  1.273E-02  1.326E-03  1.942E-04  0.000E+00  0.000E+00 
    140.439   2.005E-02  1.633E-02  1.607E-02  1.143E-02  1.274E-03  1.942E-04  0.000E+00  0.000E+00  0.000E+00 
    162.045   1.298E-02  1.037E-02  1.518E-03  7.157E-04  1.608E-04  0.000E+00  0.000E+00  0.000E+00  0.000E+00 
    183.651   8.219E-04  6.049E-04  1.473E-04  0.000E+00  0.000E+00  0.000E+00  0.000E+00  0.000E+00  0.000E+00 
