    0.000   10.803   32.409   54.015   75.621   97.227  118.833  140.439  162.045  183.651
     10.803   2.354E-02  2.359E-02  2.442E-02  2.396E-02  2.417E-02  2.268E-02  1.870E-02  1.311E-02  1.858E-03 
     32.409   2.359E-02  2.432E-02  2.461E-02  2.460E-02  2.384E-02  2.253E-02  1.884E-02  1.065E-02  1.367E-03 
     54.015   2.442E-02  2.461E-02  2.497E-02  2.426E-02  2.331E-02  2.143E-02  1.678E-02  3.887E-03  3.895E-04 
     75.621   2.396E-02  2.460E-02  2.426E-02  2.347E-02  2.166E-02  1.940E-02  1.176E-02  1.643E-03  0.000E+00 
     97.227   2.417E-02  2.384E-02  2.331E-02  2.166E-02  1.903E-02  1.300E-02  3.254E-03  4.134E-04  0.000E+00 
    118.833   2.268E-02  2.253E-02  2.143E-02  1.940E-02  1.300E-02  3.371E-03  5.199E-04  0.000E+00  0.000E+00 
    140.439   1.870E-02  1.884E-02  1.678E-02  1.176E-02  3.254E-03  5.199E-04  0.000E+00  0.000E+00  0.000E+00 
    162.045   1.311E-02  1.065E-02  3.887E-03  1.643E-03  4.134E-04  0.000E+00  0.000E+00  0.000E+00  0.000E+00 
    183.651   1.858E-03  1.367E-03  3.895E-04  0.000E+00  0.000E+00  0.000E+00  0.000E+00  0.000E+00  0.000E+00 
