    0.000   10.803   32.409   54.015   75.621   97.227  118.833  140.439  162.045  183.651
        NaN     0.337   0.651   0.697   0.659   0.691   0.659   0.496   0.444   0.000
        NaN     0.651   1.389   1.394   1.406   1.350   1.286   1.127   0.716   0.000
        NaN     0.697   1.394   1.427   1.374   1.336   1.198   1.117   0.000   0.000
        NaN     0.659   1.406   1.374   1.347   1.223   1.185   0.798   0.000   0.000
        NaN     0.691   1.350   1.336   1.223   1.111   0.889   0.000   0.000   0.000
        NaN     0.659   1.286   1.198   1.185   0.889   0.000   0.000   0.000   0.000
        NaN     0.496   1.127   1.117   0.798   0.000   0.000   0.000   0.000   0.000
        NaN     0.444   0.716   0.000   0.000   0.000   0.000   0.000   0.000   0.000
        NaN     0.000   0.000   0.000   0.000   0.000   0.000   0.000   0.000   0.000
