    0.000   10.803   32.409   54.015   75.621   97.227  118.833  140.439  162.045  183.651
     10.803   7.000E-02  4.629E-02  2.721E-02  3.253E-02  3.665E-02  1.636E-02  7.383E-03  7.604E-03  6.172E-04 
     32.409   4.629E-02  5.667E-02  3.454E-02  4.100E-02  2.402E-02  1.062E-02  7.809E-03  6.034E-03  4.475E-04 
     54.015   2.721E-02  3.454E-02  2.250E-02  2.511E-02  1.417E-02  1.181E-02  5.168E-03  8.376E-04  1.053E-04 
     75.621   3.253E-02  4.100E-02  2.511E-02  2.853E-02  1.653E-02  1.324E-02  7.677E-03  4.787E-04  0.000E+00 
     97.227   3.665E-02  2.402E-02  1.417E-02  1.653E-02  1.031E-02  9.673E-03  1.200E-03  1.330E-04  0.000E+00 
    118.833   1.636E-02  1.062E-02  1.181E-02  1.324E-02  9.673E-03  1.151E-03  1.815E-04  0.000E+00  0.000E+00 
    140.439   7.383E-03  7.809E-03  5.168E-03  7.677E-03  1.200E-03  1.815E-04  0.000E+00  0.000E+00  0.000E+00 
    162.045   7.604E-03  6.034E-03  8.376E-04  4.787E-04  1.330E-04  0.000E+00  0.000E+00  0.000E+00  0.000E+00 
    183.651   6.172E-04  4.475E-04  1.053E-04  0.000E+00  0.000E+00  0.000E+00  0.000E+00  0.000E+00  0.000E+00 
