    0.000   10.803   32.409   54.015   75.621   97.227  118.833  140.439  162.045  183.651
     10.803     0.941   1.487   0.753   1.045   0.986   0.529   0.205   0.285   0.000
     32.409     1.487   3.050   2.225   2.205   1.548   0.588   0.586   0.451   0.000
     54.015     0.753   2.225   1.245   1.619   0.785   0.766   0.398   0.000   0.000
     75.621     1.045   2.205   1.619   1.540   1.071   0.994   0.575   0.000   0.000
     97.227     0.986   1.548   0.785   1.071   0.573   0.724   0.000   0.000   0.000
    118.833     0.529   0.588   0.766   0.994   0.724   0.000   0.000   0.000   0.000
    140.439     0.205   0.586   0.398   0.575   0.000   0.000   0.000   0.000   0.000
    162.045     0.285   0.451   0.000   0.000   0.000   0.000   0.000   0.000   0.000
    183.651     0.000   0.000   0.000   0.000   0.000   0.000   0.000   0.000   0.000
