    0.000   10.803   32.409   54.015   75.621   97.227  118.833  140.439  162.045  183.651
  10.803   2.158E-02  2.218E-02  2.350E-02  2.358E-02  2.450E-02  2.443E-02  2.204E-02  1.496E-02  2.085E-03 
  32.409   2.218E-02  2.310E-02  2.379E-02  2.411E-02  2.396E-02  2.348E-02  2.051E-02  1.167E-02  1.527E-03 
  54.015   2.350E-02  2.379E-02  2.416E-02  2.369E-02  2.294E-02  2.138E-02  1.680E-02  3.985E-03  3.527E-04 
  75.621   2.358E-02  2.411E-02  2.369E-02  2.274E-02  2.094E-02  1.856E-02  1.131E-02  1.608E-03  0.000E+00 
  97.227  2.450E-02  2.395E-02  2.294E-02  2.094E-02  1.788E-02  1.205E-02  3.048E-03  3.232E-04  0.000E+00 
  118.833  2.443E-02  2.348E-02  2.138E-02  1.856E-02  1.205E-02  3.119E-03  3.908E-04  0.000E+00  0.000E+00 
  140.439  2.204E-02  2.051E-02  1.680E-02  1.131E-02  3.048E-03  3.908E-04  0.000E+00  0.000E+00  0.000E+00 
  162.045  1.496E-02  1.167E-02  3.985E-03  1.607E-03  3.231E-04  0.000E+00  0.000E+00  0.000E+00  0.000E+00 
  183.651  2.085E-03  1.527E-03  3.527E-04  0.000E+00  0.000E+00  0.000E+00  0.000E+00  0.000E+00  0.000E+00 
