    0.000   10.803   32.409   54.015   75.621   97.227  118.833  140.439  162.045  183.651
  10.803   2.395E-02  2.043E-02  2.668E-02  2.172E-02  2.796E-02  2.390E-02  2.515E-02  1.465E-02  9.355E-04 
  32.409   2.043E-02  2.626E-02  2.258E-02  2.749E-02  2.274E-02  2.666E-02  1.777E-02  1.112E-02  6.849E-04 
  54.015   2.668E-02  2.258E-02  2.747E-02  2.249E-02  2.613E-02  1.990E-02  1.588E-02  1.611E-03  1.413E-04 
  75.621   2.172E-02  2.749E-02  2.249E-02  2.594E-02  1.971E-02  1.624E-02  1.080E-02  7.155E-04  0.000E+00 
  97.227  2.796E-02  2.274E-02  2.613E-02  1.971E-02  2.065E-02  1.162E-02  1.239E-03  1.296E-04  0.000E+00 
  118.833  2.390E-02  2.666E-02  1.990E-02  1.624E-02  1.162E-02  1.272E-03  1.557E-04  0.000E+00  0.000E+00 
  140.439  2.515E-02  1.777E-02  1.588E-02  1.080E-02  1.239E-03  1.557E-04  0.000E+00  0.000E+00  0.000E+00 
  162.045  1.465E-02  1.112E-02  1.611E-03  7.154E-04  1.295E-04  0.000E+00  0.000E+00  0.000E+00  0.000E+00 
  183.651  9.355E-04  6.849E-04  1.413E-04  0.000E+00  0.000E+00  0.000E+00  0.000E+00  0.000E+00  0.000E+00 
