    0.000   10.803   32.409   54.015   75.621   97.227  118.833  140.439  162.045  183.651
  12293.813   1.969E-02  2.194E-02  2.457E-02  2.477E-02  2.505E-02  2.292E-02  1.782E-02  1.216E-02  1.716E-03 
  12315.420   2.194E-02  2.361E-02  2.509E-02  2.553E-02  2.471E-02  2.284E-02  1.839E-02  9.970E-03  1.285E-03 
  12337.026   2.457E-02  2.509E-02  2.580E-02  2.527E-02  2.407E-02  2.180E-02  1.664E-02  3.739E-03  3.156E-04 
  12358.633   2.477E-02  2.553E-02  2.527E-02  2.428E-02  2.217E-02  1.948E-02  1.165E-02  1.628E-03  0.000E+00 
  12380.239   2.505E-02  2.471E-02  2.407E-02  2.217E-02  1.894E-02  1.275E-02  3.185E-03  3.402E-04  0.000E+00 
  12401.846   2.292E-02  2.284E-02  2.180E-02  1.948E-02  1.275E-02  3.297E-03  4.212E-04  0.000E+00  0.000E+00 
  12423.452   1.782E-02  1.839E-02  1.664E-02  1.165E-02  3.185E-03  4.212E-04  0.000E+00  0.000E+00  0.000E+00 
  12445.059   1.216E-02  9.970E-03  3.739E-03  1.628E-03  3.402E-04  0.000E+00  0.000E+00  0.000E+00  0.000E+00 
  12466.665   1.716E-03  1.285E-03  3.156E-04  0.000E+00  0.000E+00  0.000E+00  0.000E+00  0.000E+00  0.000E+00 
