    0.000   10.803   32.409   54.015   75.621   97.227  118.833  140.439  162.045  183.651
  10.803   2.634E-02  3.093E-02  2.830E-02  3.611E-02  3.383E-02  1.929E-02  1.050E-02  8.874E-03  1.356E-03 
  32.409   3.093E-02  3.460E-02  3.262E-02  3.572E-02  2.778E-02  1.477E-02  1.063E-02  7.101E-03  9.929E-04 
  54.015   2.830E-02  3.262E-02  2.671E-02  2.841E-02  1.925E-02  1.477E-02  8.572E-03  2.118E-03  2.175E-04 
  75.621   3.611E-02  3.572E-02  2.841E-02  2.680E-02  2.017E-02  1.697E-02  9.070E-03  1.129E-03  0.000E+00 
  97.227   3.383E-02  2.778E-02  1.925E-02  2.017E-02  1.422E-02  1.121E-02  2.909E-03  2.791E-04  0.000E+00 
  118.833  1.929E-02  1.477E-02  1.477E-02  1.697E-02  1.121E-02  2.830E-03  3.767E-04  0.000E+00  0.000E+00 
  140.439  1.050E-02  1.063E-02  8.572E-03  9.070E-03  2.909E-03  3.767E-04  0.000E+00  0.000E+00  0.000E+00 
  162.045  8.874E-03  7.101E-03  2.118E-03  1.129E-03  2.791E-04  0.000E+00  0.000E+00  0.000E+00  0.000E+00 
  183.651  1.356E-03  9.929E-04  2.175E-04  0.000E+00  0.000E+00  0.000E+00  0.000E+00  0.000E+00  0.000E+00 
