    0.000   10.803   32.409   54.015   75.621   97.227  118.833  140.439  162.045  183.651
  10.803   1.210E-02  1.612E-02  2.067E-02  2.386E-02  2.662E-02  2.350E-02  1.449E-02  1.032E-02  1.513E-03 
  32.409   1.612E-02  1.749E-02  1.909E-02  2.372E-02  2.660E-02  2.507E-02  1.854E-02  9.416E-03  1.189E-03 
  54.015   2.067E-02  1.909E-02  1.617E-02  2.283E-02  2.699E-02  2.604E-02  1.976E-02  4.140E-03  3.097E-04 
  75.621   2.386E-02  2.372E-02  2.283E-02  2.546E-02  2.652E-02  2.459E-02  1.474E-02  2.017E-03  0.000E+00 
  97.227  2.662E-02  2.660E-02  2.699E-02  2.652E-02  2.406E-02  1.653E-02  4.089E-03  4.216E-04  0.000E+00 
  118.833  2.350E-02  2.507E-02  2.604E-02  2.459E-02  1.653E-02  4.278E-03  5.331E-04  0.000E+00  0.000E+00 
  140.439  1.449E-02  1.854E-02  1.976E-02  1.474E-02  4.089E-03  5.331E-04  0.000E+00  0.000E+00  0.000E+00 
  162.045  1.032E-02  9.416E-03  4.140E-03  2.017E-03  4.216E-04  0.000E+00  0.000E+00  0.000E+00  0.000E+00 
  183.651  1.513E-03  1.189E-03  3.097E-04  0.000E+00  0.000E+00  0.000E+00  0.000E+00  0.000E+00  0.000E+00 
