    0.000   10.803   32.409   54.015   75.621   97.227  118.833  140.439  162.045  183.651
  10.803   2.209E-02  2.266E-02  2.394E-02  2.386E-02  2.453E-02  2.394E-02  2.088E-02  1.420E-02  1.986E-03 
  32.409   2.266E-02  2.358E-02  2.423E-02  2.443E-02  2.405E-02  2.322E-02  1.988E-02  1.120E-02  1.462E-03 
  54.015   2.394E-02  2.423E-02  2.458E-02  2.403E-02  2.314E-02  2.139E-02  1.667E-02  3.906E-03  3.408E-04 
  75.621   2.386E-02  2.443E-02  2.403E-02  2.306E-02  2.118E-02  1.870E-02  1.134E-02  1.605E-03  0.000E+00 
  97.227  2.453E-02  2.405E-02  2.314E-02  2.118E-02  1.810E-02  1.218E-02  3.069E-03  3.242E-04  0.000E+00 
  118.833  2.394E-02  2.322E-02  2.139E-02  1.870E-02  1.218E-02  3.155E-03  3.949E-04  0.000E+00  0.000E+00 
  140.439  2.088E-02  1.988E-02  1.667E-02  1.134E-02  3.069E-03  3.949E-04  0.000E+00  0.000E+00  0.000E+00 
  162.045  1.420E-02  1.120E-02  3.906E-03  1.605E-03  3.242E-04  0.000E+00  0.000E+00  0.000E+00  0.000E+00 
  183.651  1.986E-03  1.462E-03  3.408E-04  0.000E+00  0.000E+00  0.000E+00  0.000E+00  0.000E+00  0.000E+00 
