    0.000   10.803   32.409   54.015   75.621   97.227  118.833  140.439  162.045  183.651
  10.803   2.455E-02  2.088E-02  2.719E-02  2.198E-02  2.801E-02  2.343E-02  2.336E-02  1.391E-02  8.908E-04 
  32.409   2.088E-02  2.682E-02  2.299E-02  2.785E-02  2.285E-02  2.644E-02  1.723E-02  1.068E-02  6.555E-04 
  54.015   2.719E-02  2.299E-02  2.795E-02  2.281E-02  2.639E-02  1.992E-02  1.579E-02  1.579E-03  1.365E-04 
  75.621   2.198E-02  2.785E-02  2.281E-02  2.633E-02  1.994E-02  1.636E-02  1.082E-02  7.143E-04  0.000E+00 
  97.227  2.801E-02  2.285E-02  2.639E-02  1.994E-02  2.092E-02  1.174E-02  1.247E-03  1.299E-04  0.000E+00 
  118.833  2.343E-02  2.644E-02  1.992E-02  1.636E-02  1.174E-02  1.286E-03  1.573E-04  0.000E+00  0.000E+00 
  140.439  2.336E-02  1.723E-02  1.579E-02  1.082E-02  1.247E-03  1.573E-04  0.000E+00  0.000E+00  0.000E+00 
  162.045  1.391E-02  1.068E-02  1.579E-03  7.143E-04  1.299E-04  0.000E+00  0.000E+00  0.000E+00  0.000E+00 
  183.651  8.908E-04  6.555E-04  1.365E-04  0.000E+00  0.000E+00  0.000E+00  0.000E+00  0.000E+00  0.000E+00 
