    0.000   10.803   32.409   54.015   75.621   97.227  118.833  140.439  162.045  183.651
  10.803   7.115E-02  4.714E-02  2.762E-02  3.287E-02  3.673E-02  1.648E-02  7.241E-03  7.083E-03  5.864E-04 
  32.409   4.714E-02  5.744E-02  3.517E-02  4.135E-02  2.421E-02  1.064E-02  7.519E-03  5.625E-03  4.296E-04 
  54.015   2.762E-02  3.517E-02  2.291E-02  2.541E-02  1.421E-02  1.147E-02  4.978E-03  8.081E-04  8.506E-05 
  75.621   3.287E-02  4.135E-02  2.541E-02  2.858E-02  1.628E-02  1.261E-02  7.117E-03  4.904E-04  0.000E+00 
  97.227  3.673E-02  2.421E-02  1.421E-02  1.628E-02  9.899E-03  8.865E-03  1.153E-03  1.096E-04  0.000E+00 
  118.833  1.648E-02  1.064E-02  1.147E-02  1.261E-02  8.865E-03  1.122E-03  1.473E-04  0.000E+00  0.000E+00 
  140.439  7.241E-03  7.519E-03  4.978E-03  7.117E-03  1.153E-03  1.473E-04  0.000E+00  0.000E+00  0.000E+00 
  162.045  7.083E-03  5.625E-03  8.081E-04  4.904E-04  1.096E-04  0.000E+00  0.000E+00  0.000E+00  0.000E+00 
  183.651  5.864E-04  4.296E-04  8.506E-05  0.000E+00  0.000E+00  0.000E+00  0.000E+00  0.000E+00  0.000E+00 
