    0.000   10.803   32.409   54.015   75.621   97.227  118.833  140.439  162.045  183.651
  *********     0.894   1.012   1.148   1.113   1.172   1.121   0.835   0.731   0.000
  *********     1.012   1.116   1.162   1.185   1.149   1.088   0.944   0.585   0.000
  *********     1.148   1.162   1.196   1.167   1.130   1.010   0.922   0.000   0.000
  *********     1.113   1.185   1.167   1.138   1.033   0.984   0.654   0.000   0.000
  *********     1.172   1.149   1.130   1.033   0.918   0.722   0.000   0.000   0.000
  *********     1.121   1.088   1.010   0.984   0.722   0.000   0.000   0.000   0.000
  *********     0.835   0.944   0.922   0.654   0.000   0.000   0.000   0.000   0.000
  *********     0.731   0.585   0.000   0.000   0.000   0.000   0.000   0.000   0.000
  *********     0.000   0.000   0.000   0.000   0.000   0.000   0.000   0.000   0.000
