    0.000   10.803   32.409   54.015   75.621   97.227  118.833  140.439  162.045  183.651
  *********     0.412   0.732   0.990   1.103   1.286   1.153   0.504   0.584   0.000
  *********     0.732   0.835   0.897   1.141   1.275   1.214   0.937   0.529   0.000
  *********     0.990   0.897   0.557   1.081   1.308   1.233   1.114   0.000   0.000
  *********     1.103   1.141   1.081   1.234   1.265   1.275   0.831   0.000   0.000
  *********     1.286   1.275   1.308   1.265   1.180   0.941   0.000   0.000   0.000
  *********     1.153   1.214   1.233   1.275   0.941   0.000   0.000   0.000   0.000
  *********     0.504   0.937   1.114   0.831   0.000   0.000   0.000   0.000   0.000
  *********     0.584   0.529   0.000   0.000   0.000   0.000   0.000   0.000   0.000
  *********     0.000   0.000   0.000   0.000   0.000   0.000   0.000   0.000   0.000
