    0.000   10.803   32.409   54.015   75.621   97.227  118.833  140.439  162.045  183.651
  12293.813   1.214E-02  1.616E-02  2.075E-02  2.389E-02  2.666E-02  2.346E-02  1.443E-02  1.031E-02  1.524E-03 
  12315.420   1.616E-02  1.756E-02  1.913E-02  2.378E-02  2.659E-02  2.502E-02  1.845E-02  9.426E-03  1.198E-03 
  12337.026   2.075E-02  1.913E-02  1.619E-02  2.283E-02  2.697E-02  2.590E-02  1.970E-02  4.163E-03  3.180E-04 
  12358.633   2.389E-02  2.378E-02  2.283E-02  2.547E-02  2.645E-02  2.447E-02  1.474E-02  2.034E-03  0.000E+00 
  12380.239   2.666E-02  2.659E-02  2.697E-02  2.645E-02  2.410E-02  1.662E-02  4.127E-03  4.356E-04  0.000E+00 
  12401.846   2.346E-02  2.502E-02  2.590E-02  2.447E-02  1.662E-02  4.339E-03  5.532E-04  0.000E+00  0.000E+00 
  12423.452   1.443E-02  1.845E-02  1.970E-02  1.474E-02  4.127E-03  5.532E-04  0.000E+00  0.000E+00  0.000E+00 
  12445.059   1.031E-02  9.426E-03  4.163E-03  2.034E-03  4.356E-04  0.000E+00  0.000E+00  0.000E+00  0.000E+00 
  12466.665   1.524E-03  1.198E-03  3.180E-04  0.000E+00  0.000E+00  0.000E+00  0.000E+00  0.000E+00  0.000E+00 
