    0.000   10.803   32.409   54.015   75.621   97.227  118.833  140.439  162.045  183.651
  12293.813   9.827E-03  1.509E-02  2.443E-02  2.266E-02  3.158E-02  2.342E-02  1.169E-02  1.007E-02  6.819E-04 
  12315.420   1.509E-02  2.064E-02  1.844E-02  2.810E-02  2.605E-02  2.946E-02  1.613E-02  9.101E-03  5.363E-04 
  12337.026   2.443E-02  1.844E-02  1.321E-02  2.204E-02  3.183E-02  2.471E-02  1.917E-02  1.673E-03  1.291E-04 
  12358.633   2.266E-02  2.810E-02  2.204E-02  3.006E-02  2.550E-02  2.191E-02  1.430E-02  9.055E-04  0.000E+00 
  12380.239   3.158E-02  2.605E-02  3.183E-02  2.550E-02  2.852E-02  1.631E-02  1.667E-03  1.768E-04  0.000E+00 
  12401.846   2.342E-02  2.946E-02  2.471E-02  2.191E-02  1.631E-02  1.759E-03  2.237E-04  0.000E+00  0.000E+00 
  12423.452   1.169E-02  1.613E-02  1.917E-02  1.430E-02  1.667E-03  2.237E-04  0.000E+00  0.000E+00  0.000E+00 
  12445.059   1.007E-02  9.101E-03  1.673E-03  9.055E-04  1.768E-04  0.000E+00  0.000E+00  0.000E+00  0.000E+00 
  12466.665   6.819E-04  5.363E-04  1.291E-04  0.000E+00  0.000E+00  0.000E+00  0.000E+00  0.000E+00  0.000E+00 
