    0.000    5.400   10.800   16.200   21.600   27.000   32.400   37.800   43.200   48.600   54.000   59.400   64.800   70.200   75.600   81.000   86.400   91.800   97.200   105.3
      5.400   7.252E-03  7.192E-03  7.070E-03  6.868E-03  6.523E-03  6.111E-03  5.960E-03  5.988E-03  5.850E-03  5.581E-03  5.425E-03  5.254E-03  4.640E-03  3.600E-03  2.181E-03  1.162E-03  6.186E-04  3.258E-04  1.376E-04 
     10.800   7.191E-03  7.130E-03  7.012E-03  6.840E-03  6.601E-03  6.332E-03  6.166E-03  6.085E-03  5.987E-03  5.888E-03  5.686E-03  5.319E-03  4.627E-03  3.571E-03  2.159E-03  1.148E-03  6.100E-04  3.207E-04  1.354E-04 
     16.200   7.069E-03  6.993E-03  6.868E-03  6.731E-03  6.588E-03  6.428E-03  6.265E-03  6.116E-03  6.021E-03  5.999E-03  5.783E-03  5.314E-03  4.566E-03  3.502E-03  2.108E-03  1.117E-03  5.913E-04  3.101E-04  1.306E-04 
     21.600   6.894E-03  6.767E-03  6.567E-03  6.461E-03  6.443E-03  6.370E-03  6.221E-03  6.018E-03  5.837E-03  5.798E-03  5.646E-03  5.191E-03  4.430E-03  3.375E-03  2.019E-03  1.063E-03  5.600E-04  2.928E-04  1.232E-04
     27.000   6.700E-03  6.499E-03  6.179E-03  6.101E-03  6.236E-03  6.254E-03  6.125E-03  5.860E-03  5.545E-03  5.438E-03  5.395E-03  4.973E-03  4.206E-03  3.166E-03  1.873E-03  9.768E-04  5.130E-04  2.681E-04  1.128E-04 
     32.400   6.529E-03  6.343E-03  6.052E-03  5.979E-03  6.105E-03  6.142E-03  6.059E-03  5.837E-03  5.505E-03  5.323E-03  5.181E-03  4.689E-03  3.876E-03  2.820E-03  1.630E-03  8.501E-04  4.494E-04  2.361E-04  9.982E-05 
     37.800   6.378E-03  6.282E-03  6.126E-03  6.033E-03  6.021E-03  6.028E-03  6.036E-03  5.971E-03  5.704E-03  5.379E-03  4.966E-03  4.326E-03  3.431E-03  2.248E-03  1.277E-03  6.940E-04  3.739E-04  1.992E-04  8.505E-05 
     43.200   6.200E-03  6.177E-03  6.099E-03  5.960E-03  5.815E-03  5.815E-03  5.964E-03  5.924E-03  5.647E-03  5.200E-03  4.606E-03  3.834E-03  2.871E-03  1.739E-03  9.657E-04  5.392E-04  2.974E-04  1.613E-04  6.981E-05 
     48.600   5.935E-03  6.037E-03  6.030E-03  5.823E-03  5.527E-03  5.493E-03  5.698E-03  5.645E-03  5.301E-03  4.760E-03  4.044E-03  3.159E-03  2.095E-03  1.241E-03  7.105E-04  4.038E-04  2.279E-04  1.260E-04  5.537E-05 
     54.000   5.623E-03  5.917E-03  6.011E-03  5.798E-03  5.431E-03  5.317E-03  5.376E-03  5.199E-03  4.760E-03  4.112E-03  3.280E-03  2.248E-03  1.400E-03  8.459E-04  5.017E-04  2.931E-04  1.691E-04  9.536E-05  4.260E-05 
     59.400   5.450E-03  5.704E-03  5.793E-03  5.649E-03  5.394E-03  5.180E-03  4.966E-03  4.605E-03  4.044E-03  3.280E-03  2.293E-03  1.466E-03  9.192E-04  5.679E-04  3.454E-04  2.071E-04  1.223E-04  7.032E-05  3.193E-05 
     64.800   5.269E-03  5.331E-03  5.322E-03  5.195E-03  4.975E-03  4.690E-03  4.327E-03  3.834E-03  3.159E-03  2.248E-03  1.466E-03  9.414E-04  5.989E-04  3.767E-04  2.341E-04  1.436E-04  8.661E-05  5.075E-05  2.341E-05 
     70.200   4.649E-03  4.635E-03  4.572E-03  4.434E-03  4.209E-03  3.878E-03  3.432E-03  2.871E-03  2.095E-03  1.400E-03  9.192E-04  5.989E-04  3.868E-04  2.475E-04  1.568E-04  9.808E-05  6.036E-05  3.599E-05  1.685E-05 
     75.600   3.605E-03  3.576E-03  3.506E-03  3.378E-03  3.168E-03  2.822E-03  2.248E-03  1.740E-03  1.241E-03  8.460E-04  5.679E-04  3.767E-04  2.475E-04  1.612E-04  1.039E-04  6.625E-05  4.151E-05  2.516E-05  1.194E-05 
     81.000   2.184E-03  2.162E-03  2.111E-03  2.021E-03  1.874E-03  1.631E-03  1.277E-03  9.661E-04  7.106E-04  5.018E-04  3.454E-04  2.341E-04  1.568E-04  1.039E-04  6.823E-05  4.427E-05  2.821E-05  1.736E-05  8.334E-06 
     86.400   1.164E-03  1.149E-03  1.118E-03  1.064E-03  9.775E-04  8.506E-04  6.944E-04  5.394E-04  4.039E-04  2.932E-04  2.072E-04  1.436E-04  9.809E-05  6.625E-05  4.427E-05  2.922E-05  1.891E-05  1.179E-05  5.725E-06 
     91.800   6.194E-04  6.107E-04  5.920E-04  5.605E-04  5.134E-04  4.497E-04  3.741E-04  2.976E-04  2.280E-04  1.692E-04  1.223E-04  8.663E-05  6.036E-05  4.152E-05  2.822E-05  1.891E-05  1.242E-05  7.835E-06  3.840E-06 
     97.200   3.262E-04  3.211E-04  3.104E-04  2.931E-04  2.683E-04  2.363E-04  1.993E-04  1.614E-04  1.260E-04  9.539E-05  7.034E-05  5.076E-05  3.600E-05  2.516E-05  1.736E-05  1.179E-05  7.835E-06  4.992E-06  2.466E-06 
    105.300   1.378E-04  1.355E-04  1.308E-04  1.233E-04  1.129E-04  9.989E-05  8.510E-05  6.985E-05  5.540E-05  4.262E-05  3.194E-05  2.341E-05  1.685E-05  1.194E-05  8.335E-06  5.725E-06  3.840E-06  2.466E-06  1.226E-06 
