    0.000   10.803   32.409   54.015   75.621   97.227  118.833  140.439  162.045  183.651
  *********   2.042E-02  2.212E-02  2.424E-02  2.431E-02  2.471E-02  2.312E-02  1.880E-02  1.295E-02  1.840E-03 
  *********   2.212E-02  2.352E-02  2.464E-02  2.500E-02  2.436E-02  2.291E-02  1.888E-02  1.050E-02  1.372E-03 
  *********   2.424E-02  2.464E-02  2.524E-02  2.475E-02  2.375E-02  2.168E-02  1.671E-02  3.852E-03  3.330E-04 
  *********   2.431E-02  2.500E-02  2.475E-02  2.391E-02  2.197E-02  1.935E-02  1.170E-02  1.654E-03  0.000E+00 
  *********   2.471E-02  2.436E-02  2.375E-02  2.197E-02  1.895E-02  1.282E-02  3.223E-03  3.456E-04  0.000E+00 
  *********   2.312E-02  2.291E-02  2.168E-02  1.935E-02  1.282E-02  3.347E-03  4.279E-04  0.000E+00  0.000E+00 
  *********   1.880E-02  1.888E-02  1.671E-02  1.170E-02  3.223E-03  4.279E-04  0.000E+00  0.000E+00  0.000E+00 
  *********   1.295E-02  1.050E-02  3.852E-03  1.654E-03  3.456E-04  0.000E+00  0.000E+00  0.000E+00  0.000E+00 
  *********   1.840E-03  1.372E-03  3.330E-04  0.000E+00  0.000E+00  0.000E+00  0.000E+00  0.000E+00  0.000E+00 
