    0.000   10.000   30.000   50.000   70.000   90.000  110.000  130.000  150.000  170.000
  *********   1.898E-02  2.445E-02  2.679E-02  2.278E-02  1.592E-02  1.827E-02  1.810E-02  1.256E-02  2.090E-03 
  *********   2.445E-02  2.633E-02  2.699E-02  2.434E-02  2.049E-02  1.994E-02  1.836E-02  1.227E-02  1.996E-03 
  *********   2.679E-02  2.699E-02  2.631E-02  2.475E-02  2.228E-02  2.052E-02  1.788E-02  1.028E-02  1.510E-03 
  *********   2.278E-02  2.434E-02  2.475E-02  2.224E-02  1.857E-02  1.738E-02  1.387E-02  3.673E-03  4.410E-04 
  *********   1.592E-02  2.049E-02  2.228E-02  1.857E-02  1.237E-02  1.271E-02  8.872E-03  1.493E-03  0.000E+00 
  *********   1.827E-02  1.994E-02  2.052E-02  1.738E-02  1.271E-02  8.600E-03  2.458E-03  3.537E-04  0.000E+00 
  *********   1.810E-02  1.836E-02  1.788E-02  1.387E-02  8.872E-03  2.458E-03  3.963E-04  0.000E+00  0.000E+00 
  *********   1.256E-02  1.227E-02  1.028E-02  3.673E-03  1.493E-03  3.537E-04  0.000E+00  0.000E+00  0.000E+00 
  *********   2.090E-03  1.996E-03  1.510E-03  4.410E-04  0.000E+00  0.000E+00  0.000E+00  0.000E+00  0.000E+00 
