    0.000   10.000   30.000   50.000   70.000   90.000  110.000  130.000  150.000  170.000
  *********     0.728   1.277   1.418   1.190   0.610   0.953   0.961   0.779   0.000
  *********     1.277   1.392   1.427   1.287   1.070   1.055   0.977   0.759   0.000
  *********     1.418   1.427   1.365   1.308   1.179   1.089   1.001   0.713   0.000
  *********     1.190   1.287   1.308   1.176   0.971   0.923   0.868   0.000   0.000
  *********     0.610   1.070   1.179   0.971   0.477   0.701   0.613   0.000   0.000
  *********     0.953   1.055   1.089   0.923   0.701   0.600   0.000   0.000   0.000
  *********     0.961   0.977   1.001   0.868   0.613   0.000   0.000   0.000   0.000
  *********     0.779   0.759   0.713   0.000   0.000   0.000   0.000   0.000   0.000
  *********     0.000   0.000   0.000   0.000   0.000   0.000   0.000   0.000   0.000
