    0.000   10.803   32.409   54.015   75.621   97.227  118.833  140.439  162.045  183.651
  10.803   9.529E-03  1.277E-02  1.685E-02  2.075E-02  2.594E-02  2.912E-02  2.792E-02  1.940E-02  2.691E-03 
  32.409   1.277E-02  1.392E-02  1.560E-02  2.043E-02  2.510E-02  2.787E-02  2.585E-02  1.501E-02  1.961E-03 
  54.015   1.685E-02  1.560E-02  1.335E-02  1.925E-02  2.388E-02  2.505E-02  2.084E-02  5.002E-03  4.485E-04 
  75.621   2.075E-02  2.043E-02  1.925E-02  2.113E-02  2.230E-02  2.151E-02  1.364E-02  1.954E-03  0.000E+00 
  97.227  2.594E-02  2.510E-02  2.388E-02  2.230E-02  1.984E-02  1.379E-02  3.562E-03  3.855E-04  0.000E+00 
  118.833  2.912E-02  2.787E-02  2.505E-02  2.151E-02  1.379E-02  3.543E-03  4.473E-04  0.000E+00  0.000E+00 
  140.439  2.792E-02  2.585E-02  2.084E-02  1.364E-02  3.562E-03  4.473E-04  0.000E+00  0.000E+00  0.000E+00 
  162.045  1.940E-02  1.501E-02  5.002E-03  1.954E-03  3.855E-04  0.000E+00  0.000E+00  0.000E+00  0.000E+00 
  183.651  2.691E-03  1.961E-03  4.485E-04  0.000E+00  0.000E+00  0.000E+00  0.000E+00  0.000E+00  0.000E+00 
