    0.000   10.803   32.409   54.015   75.621   97.227  118.833  140.439  162.045  183.651
  10.803   7.728E-03  1.188E-02  1.967E-02  1.952E-02  3.029E-02  2.905E-02  3.231E-02  1.916E-02  1.172E-03 
  32.409   1.188E-02  1.625E-02  1.495E-02  2.386E-02  2.432E-02  3.233E-02  2.272E-02  1.436E-02  8.532E-04 
  54.015   1.967E-02  1.495E-02  1.089E-02  1.845E-02  2.782E-02  2.365E-02  1.999E-02  1.967E-03  1.741E-04 
  75.621   1.952E-02  2.386E-02  1.845E-02  2.466E-02  2.130E-02  1.908E-02  1.309E-02  8.438E-04  0.000E+00 
  97.227  3.029E-02  2.432E-02  2.782E-02  2.130E-02  2.321E-02  1.337E-02  1.407E-03  1.497E-04  0.000E+00 
  118.833  2.905E-02  3.233E-02  2.365E-02  1.908E-02  1.337E-02  1.404E-03  1.727E-04  0.000E+00  0.000E+00 
  140.439  3.231E-02  2.272E-02  1.999E-02  1.309E-02  1.407E-03  1.727E-04  0.000E+00  0.000E+00  0.000E+00 
  162.045  1.916E-02  1.436E-02  1.967E-03  8.438E-04  1.497E-04  0.000E+00  0.000E+00  0.000E+00  0.000E+00 
  183.651  1.172E-03  8.532E-04  1.741E-04  0.000E+00  0.000E+00  0.000E+00  0.000E+00  0.000E+00  0.000E+00 
