    0.000   10.803   32.409   54.015   75.621   97.227  118.833  140.439  162.045  183.651
  *********   1.194E-02  1.590E-02  2.044E-02  2.364E-02  2.647E-02  2.344E-02  1.454E-02  1.047E-02  1.546E-03 
  *********   1.590E-02  1.727E-02  1.888E-02  2.354E-02  2.646E-02  2.505E-02  1.866E-02  9.573E-03  1.214E-03 
  *********   2.044E-02  1.888E-02  1.603E-02  2.270E-02  2.693E-02  2.610E-02  1.997E-02  4.219E-03  3.222E-04 
  *********   2.364E-02  2.354E-02  2.270E-02  2.541E-02  2.655E-02  2.478E-02  1.496E-02  2.061E-03  0.000E+00 
  *********   2.647E-02  2.646E-02  2.693E-02  2.655E-02  2.423E-02  1.679E-02  4.175E-03  4.411E-04  0.000E+00 
  *********   2.344E-02  2.505E-02  2.610E-02  2.478E-02  1.679E-02  4.371E-03  5.579E-04  0.000E+00  0.000E+00 
  *********   1.454E-02  1.866E-02  1.997E-02  1.496E-02  4.175E-03  5.579E-04  0.000E+00  0.000E+00  0.000E+00 
  *********   1.047E-02  9.573E-03  4.219E-03  2.061E-03  4.411E-04  0.000E+00  0.000E+00  0.000E+00  0.000E+00 
  *********   1.546E-03  1.214E-03  3.222E-04  0.000E+00  0.000E+00  0.000E+00  0.000E+00  0.000E+00  0.000E+00 
