    0.000   10.803   32.409   54.015   75.621   97.227  118.833  140.439  162.045  183.651
  *********   9.406E-03  1.261E-02  1.668E-02  2.056E-02  2.580E-02  2.905E-02  2.800E-02  1.960E-02  2.736E-03 
  *********   1.261E-02  1.375E-02  1.543E-02  2.027E-02  2.497E-02  2.785E-02  2.597E-02  1.521E-02  1.996E-03 
  *********   1.668E-02  1.543E-02  1.324E-02  1.913E-02  2.381E-02  2.507E-02  2.102E-02  5.085E-03  4.663E-04 
  *********   2.056E-02  2.027E-02  1.913E-02  2.106E-02  2.230E-02  2.163E-02  1.382E-02  1.992E-03  0.000E+00 
  *********   2.580E-02  2.497E-02  2.381E-02  2.230E-02  1.994E-02  1.397E-02  3.628E-03  4.023E-04  0.000E+00 
  *********   2.905E-02  2.785E-02  2.507E-02  2.163E-02  1.397E-02  3.610E-03  4.668E-04  0.000E+00  0.000E+00 
  *********   2.800E-02  2.597E-02  2.102E-02  1.382E-02  3.628E-03  4.668E-04  0.000E+00  0.000E+00  0.000E+00 
  *********   1.960E-02  1.521E-02  5.085E-03  1.992E-03  4.023E-04  0.000E+00  0.000E+00  0.000E+00  0.000E+00 
  *********   2.736E-03  1.996E-03  4.663E-04  0.000E+00  0.000E+00  0.000E+00  0.000E+00  0.000E+00  0.000E+00 
