    0.000   10.803   32.409   54.015   75.621   97.227  118.833  140.439  162.045  183.651
  *********     0.324   0.578   0.800   0.949   1.233   1.419   1.332   1.101   0.000
  *********     0.578   0.661   0.728   0.971   1.185   1.326   1.300   0.834   0.000
  *********     0.800   0.728   0.458   0.901   1.139   1.166   1.153   0.000   0.000
  *********     0.949   0.971   0.901   1.009   1.048   1.097   0.760   0.000   0.000
  *********     1.233   1.185   1.139   1.048   0.960   0.775   0.000   0.000   0.000
  *********     1.419   1.326   1.166   1.097   0.775   0.000   0.000   0.000   0.000
  *********     1.332   1.300   1.153   0.760   0.000   0.000   0.000   0.000   0.000
  *********     1.101   0.834   0.000   0.000   0.000   0.000   0.000   0.000   0.000
  *********     0.000   0.000   0.000   0.000   0.000   0.000   0.000   0.000   0.000
