    0.000   11.561   34.684   57.806   80.929  104.052  127.174  150.297  173.419  196.542
  *********   1.965E-02  1.903E-02  2.205E-02  2.122E-02  1.959E-02  1.708E-02  1.970E-02  1.697E-02  5.115E-04 
  *********   1.903E-02  2.014E-02  1.965E-02  2.171E-02  1.849E-02  1.845E-02  1.924E-02  1.624E-02  4.879E-04 
  *********   2.205E-02  1.965E-02  2.022E-02  1.919E-02  1.984E-02  1.612E-02  1.680E-02  1.380E-02  4.108E-04 
  *********   2.122E-02  2.171E-02  1.919E-02  2.060E-02  1.804E-02  1.707E-02  1.343E-02  8.970E-03  2.490E-04 
  *********   1.959E-02  1.849E-02  1.984E-02  1.804E-02  1.986E-02  1.776E-02  1.461E-02  7.420E-04  9.143E-06 
  *********   1.708E-02  1.844E-02  1.612E-02  1.707E-02  1.776E-02  2.047E-02  1.139E-02  3.014E-04  0.000E+00 
  *********   1.969E-02  1.924E-02  1.680E-02  1.343E-02  1.460E-02  1.139E-02  7.338E-04  1.126E-05  0.000E+00 
  *********   1.697E-02  1.624E-02  1.380E-02  8.969E-03  7.420E-04  3.014E-04  1.126E-05  0.000E+00  0.000E+00 
  *********   5.114E-04  4.879E-04  4.107E-04  2.490E-04  9.143E-06  0.000E+00  0.000E+00  0.000E+00  0.000E+00 
