    0.000   11.561   34.684   57.806   80.929  104.052  127.174  150.297  173.419  196.542
  *********     0.985   1.083   1.189   1.206   0.982   0.925   0.987   1.163   0.000
  *********     1.083   1.009   1.118   1.171   1.053   0.925   0.964   1.112   0.000
  *********     1.189   1.118   1.014   1.092   1.070   0.873   0.842   0.946   0.000
  *********     1.206   1.171   1.092   1.111   1.027   0.856   0.765   0.615   0.000
  *********     0.982   1.053   1.070   1.027   1.071   0.960   1.001   0.000   0.000
  *********     0.925   0.925   0.873   0.856   0.960   1.402   0.780   0.000   0.000
  *********     0.987   0.964   0.842   0.765   1.001   0.780   0.000   0.000   0.000
  *********     1.163   1.112   0.946   0.615   0.000   0.000   0.000   0.000   0.000
  *********     0.000   0.000   0.000   0.000   0.000   0.000   0.000   0.000   0.000
