    0.000   10.803   32.409   54.015   75.621   97.227  118.833  140.439  162.045  183.651
  10.803   2.443E-02  2.440E-02  2.514E-02  2.455E-02  2.452E-02  2.270E-02  1.825E-02  1.246E-02  1.760E-03 
  32.409   2.440E-02  2.510E-02  2.536E-02  2.514E-02  2.416E-02  2.245E-02  1.833E-02  1.010E-02  1.312E-03 
  54.015   2.514E-02  2.536E-02  2.555E-02  2.473E-02  2.345E-02  2.121E-02  1.619E-02  3.698E-03  3.125E-04 
  75.621   2.455E-02  2.514E-02  2.473E-02  2.368E-02  2.159E-02  1.885E-02  1.129E-02  1.586E-03  0.000E+00 
  97.227  2.452E-02  2.416E-02  2.345E-02  2.159E-02  1.849E-02  1.240E-02  3.098E-03  3.242E-04  0.000E+00 
  118.833  2.270E-02  2.245E-02  2.121E-02  1.885E-02  1.240E-02  3.219E-03  4.019E-04  0.000E+00  0.000E+00 
  140.439  1.825E-02  1.833E-02  1.619E-02  1.129E-02  3.098E-03  4.019E-04  0.000E+00  0.000E+00  0.000E+00 
  162.045  1.246E-02  1.010E-02  3.698E-03  1.587E-03  3.242E-04  0.000E+00  0.000E+00  0.000E+00  0.000E+00 
  183.651  1.760E-03  1.312E-03  3.125E-04  0.000E+00  0.000E+00  0.000E+00  0.000E+00  0.000E+00  0.000E+00 
