    0.000   10.803   32.409   54.015   75.621   97.227  118.833  140.439  162.045  183.651
  10.803   2.775E-02  2.244E-02  2.847E-02  2.259E-02  2.802E-02  2.225E-02  1.949E-02  1.225E-02  7.959E-04 
  32.409   2.244E-02  2.843E-02  2.401E-02  2.862E-02  2.296E-02  2.564E-02  1.594E-02  9.682E-03  5.931E-04 
  54.015   2.847E-02  2.401E-02  2.899E-02  2.344E-02  2.674E-02  1.979E-02  1.538E-02  1.506E-03  1.261E-04 
  75.621   2.259E-02  2.862E-02  2.344E-02  2.700E-02  2.032E-02  1.650E-02  1.080E-02  7.115E-04  0.000E+00 
  97.227  2.802E-02  2.296E-02  2.674E-02  2.032E-02  2.136E-02  1.195E-02  1.268E-03  1.309E-04  0.000E+00 
  118.833  2.225E-02  2.564E-02  1.979E-02  1.650E-02  1.195E-02  1.322E-03  1.612E-04  0.000E+00  0.000E+00 
  140.439  1.949E-02  1.594E-02  1.538E-02  1.080E-02  1.268E-03  1.612E-04  0.000E+00  0.000E+00  0.000E+00 
  162.045  1.225E-02  9.682E-03  1.506E-03  7.115E-04  1.309E-04  0.000E+00  0.000E+00  0.000E+00  0.000E+00 
  183.651  7.959E-04  5.931E-04  1.261E-04  0.000E+00  0.000E+00  0.000E+00  0.000E+00  0.000E+00  0.000E+00 
