    0.000   10.803   32.409   54.015   75.621   97.227  118.833  140.439  162.045  183.651
  10.803     1.157   1.118   1.186   1.121   1.161   1.099   0.809   0.702   0.000
  32.409     1.118   1.186   1.193   1.189   1.138   1.065   0.917   0.560   0.000
  54.015     1.186   1.193   1.207   1.165   1.114   0.988   0.891   0.000   0.000
  75.621     1.121   1.189   1.165   1.125   1.015   0.958   0.629   0.000   0.000
  97.227     1.161   1.138   1.114   1.015   0.895   0.696   0.000   0.000   0.000
  118.833     1.099   1.065   0.988   0.958   0.696   0.000   0.000   0.000   0.000
  140.439     0.809   0.917   0.891   0.629   0.000   0.000   0.000   0.000   0.000
  162.045     0.702   0.560   0.000   0.000   0.000   0.000   0.000   0.000   0.000
  183.651     0.000   0.000   0.000   0.000   0.000   0.000   0.000   0.000   0.000
