    0.000   10.803   32.409   54.015   75.621   97.227  118.833  140.439  162.045  183.651
     10.803   7.000E-02  4.632E-02  2.722E-02  3.254E-02  3.666E-02  1.636E-02  7.376E-03  7.592E-03  6.165E-04 
     32.409   4.632E-02  5.666E-02  3.456E-02  4.101E-02  2.403E-02  1.062E-02  7.802E-03  6.024E-03  4.469E-04 
     54.015   2.722E-02  3.456E-02  2.250E-02  2.511E-02  1.417E-02  1.180E-02  5.159E-03  8.369E-04  1.054E-04 
     75.621   3.254E-02  4.101E-02  2.511E-02  2.852E-02  1.653E-02  1.323E-02  7.666E-03  4.781E-04  0.000E+00 
     97.227   3.666E-02  2.403E-02  1.417E-02  1.653E-02  1.030E-02  9.663E-03  1.199E-03  1.331E-04  0.000E+00 
    118.833   1.636E-02  1.062E-02  1.180E-02  1.323E-02  9.663E-03  1.150E-03  1.818E-04  0.000E+00  0.000E+00 
    140.439   7.376E-03  7.802E-03  5.159E-03  7.666E-03  1.199E-03  1.818E-04  0.000E+00  0.000E+00  0.000E+00 
    162.045   7.592E-03  6.024E-03  8.369E-04  4.781E-04  1.331E-04  0.000E+00  0.000E+00  0.000E+00  0.000E+00 
    183.651   6.165E-04  4.469E-04  1.054E-04  0.000E+00  0.000E+00  0.000E+00  0.000E+00  0.000E+00  0.000E+00 
