    0.000   10.803   32.409   54.015   75.621   97.227  118.833  140.439  162.045  183.651
     10.803   5.768E-02  4.847E-02  3.226E-02  3.391E-02  2.964E-02  1.626E-02  8.716E-03  7.440E-03  1.129E-03 
     32.409   4.847E-02  4.649E-02  3.547E-02  3.331E-02  2.436E-02  1.250E-02  8.934E-03  5.930E-03  8.192E-04 
     54.015   3.226E-02  3.547E-02  2.646E-02  2.567E-02  1.665E-02  1.253E-02  7.156E-03  1.786E-03  2.159E-04 
     75.621   3.391E-02  3.331E-02  2.567E-02  2.312E-02  1.709E-02  1.435E-02  7.656E-03  8.913E-04  0.000E+00 
     97.227   2.964E-02  2.436E-02  1.665E-02  1.709E-02  1.207E-02  9.618E-03  2.470E-03  2.794E-04  0.000E+00 
    118.833   1.626E-02  1.250E-02  1.253E-02  1.435E-02  9.618E-03  2.379E-03  3.910E-04  0.000E+00  0.000E+00 
    140.439   8.716E-03  8.934E-03  7.156E-03  7.656E-03  2.470E-03  3.910E-04  0.000E+00  0.000E+00  0.000E+00 
    162.045   7.440E-03  5.930E-03  1.786E-03  8.913E-04  2.794E-04  0.000E+00  0.000E+00  0.000E+00  0.000E+00 
    183.651   1.129E-03  8.192E-04  2.159E-04  0.000E+00  0.000E+00  0.000E+00  0.000E+00  0.000E+00  0.000E+00 
