    0.000   10.000   30.000   50.000   70.000   90.000  110.000  130.000  150.000  170.000
  *********   1.102E-02  1.915E-02  2.125E-02  1.786E-02  9.242E-03  1.434E-02  1.445E-02  1.164E-02  1.612E-02 
  *********   1.915E-02  2.086E-02  2.136E-02  1.930E-02  1.607E-02  1.586E-02  1.468E-02  1.134E-02  1.533E-02 
  *********   2.125E-02  2.136E-02  2.031E-02  1.959E-02  1.771E-02  1.637E-02  1.500E-02  1.063E-02  1.178E-02 
  *********   1.786E-02  1.930E-02  1.959E-02  1.764E-02  1.459E-02  1.388E-02  1.297E-02  2.513E-02  5.687E-03 
  *********   9.242E-03  1.607E-02  1.771E-02  1.459E-02  7.212E-03  1.051E-02  9.134E-03  1.215E-02  0.000E+00 
  *********   1.434E-02  1.586E-02  1.637E-02  1.388E-02  1.051E-02  8.937E-03  1.678E-02  4.524E-03  0.000E+00 
  *********   1.445E-02  1.468E-02  1.500E-02  1.297E-02  9.134E-03  1.678E-02  5.171E-03  0.000E+00  0.000E+00 
  *********   1.164E-02  1.134E-02  1.063E-02  2.513E-02  1.215E-02  4.524E-03  0.000E+00  0.000E+00  0.000E+00 
  *********   1.612E-02  1.533E-02  1.178E-02  5.687E-03  0.000E+00  0.000E+00  0.000E+00  0.000E+00  0.000E+00 
