    0.000   10.000   30.000   50.000   70.000   90.000  110.000  130.000  150.000  170.000
  *********   2.328E-04  1.688E-04  4.504E-05  6.091E-06  7.380E-07  9.443E-08  1.375E-08  2.010E-09  1.767E-10 
  *********   1.688E-04  1.354E-04  3.628E-05  4.927E-06  6.623E-07  8.853E-08  1.256E-08  1.835E-09  1.612E-10 
  *********   4.504E-05  3.628E-05  1.269E-05  2.342E-06  3.792E-07  5.805E-08  8.889E-09  1.326E-09  1.144E-10 
  *********   6.091E-06  4.927E-06  2.342E-06  6.648E-07  1.396E-07  2.559E-08  4.476E-09  5.227E-10  4.154E-11 
  *********   7.380E-07  6.623E-07  3.792E-07  1.396E-07  3.424E-08  7.829E-09  1.655E-09  1.808E-10  0.000E+00 
  *********   9.443E-08  8.853E-08  5.805E-08  2.559E-08  7.829E-09  2.018E-09  3.479E-10  3.980E-11  0.000E+00 
  *********   1.375E-08  1.256E-08  8.889E-09  4.476E-09  1.655E-09  3.479E-10  5.082E-11  0.000E+00  0.000E+00 
  *********   2.010E-09  1.835E-09  1.326E-09  5.227E-10  1.808E-10  3.980E-11  0.000E+00  0.000E+00  0.000E+00 
  *********   1.767E-10  1.612E-10  1.144E-10  4.154E-11  0.000E+00  0.000E+00  0.000E+00  0.000E+00  0.000E+00 
