    0.000   10.803   32.409   54.015   75.621   97.227  118.833  140.439  162.045  183.651
  12293.813   2.358E-02  2.042E-02  2.713E-02  2.205E-02  2.846E-02  2.373E-02  2.312E-02  1.383E-02  8.321E-04 
  12315.420   2.042E-02  2.657E-02  2.300E-02  2.813E-02  2.307E-02  2.675E-02  1.734E-02  1.060E-02  6.123E-04 
  12337.026   2.713E-02  2.300E-02  2.812E-02  2.291E-02  2.651E-02  2.004E-02  1.600E-02  1.486E-03  1.326E-04 
  12358.633   2.205E-02  2.813E-02  2.291E-02  2.631E-02  1.980E-02  1.638E-02  1.080E-02  6.744E-04  0.000E+00 
  12380.239   2.846E-02  2.307E-02  2.651E-02  1.980E-02  2.056E-02  1.159E-02  1.162E-03  1.266E-04  0.000E+00 
  12401.846   2.373E-02  2.675E-02  2.004E-02  1.638E-02  1.159E-02  1.188E-03  1.522E-04  0.000E+00  0.000E+00 
  12423.452   2.312E-02  1.734E-02  1.600E-02  1.080E-02  1.162E-03  1.522E-04  0.000E+00  0.000E+00  0.000E+00 
  12445.059   1.383E-02  1.060E-02  1.486E-03  6.744E-04  1.266E-04  0.000E+00  0.000E+00  0.000E+00  0.000E+00 
  12466.665   8.321E-04  6.123E-04  1.326E-04  0.000E+00  0.000E+00  0.000E+00  0.000E+00  0.000E+00  0.000E+00 
