    0.000   10.803   32.409   54.015   75.621   97.227  118.833  140.439  162.045  183.651
  12293.813     0.981   1.014   1.127   1.093   1.178   1.176   0.962   0.793   0.000
  12315.420     1.014   1.103   1.141   1.164   1.144   1.111   1.001   0.611   0.000
  12337.026     1.127   1.141   1.168   1.137   1.101   0.999   0.924   0.000   0.000
  12358.633     1.093   1.164   1.137   1.093   0.986   0.948   0.623   0.000   0.000
  12380.239     1.178   1.144   1.101   0.986   0.854   0.667   0.000   0.000   0.000
  12401.846     1.176   1.111   0.999   0.948   0.667   0.000   0.000   0.000   0.000
  12423.452     0.962   1.001   0.924   0.623   0.000   0.000   0.000   0.000   0.000
  12445.059     0.793   0.611   0.000   0.000   0.000   0.000   0.000   0.000   0.000
  12466.665     0.000   0.000   0.000   0.000   0.000   0.000   0.000   0.000   0.000
