    0.000   10.803   32.409   54.015   75.621   97.227  118.833  140.439  162.045  183.651
  10.803   2.169E-02  2.060E-02  2.781E-02  2.259E-02  2.840E-02  2.273E-02  2.005E-02  1.259E-02  8.180E-04 
  32.409   2.060E-02  2.705E-02  2.361E-02  2.870E-02  2.329E-02  2.619E-02  1.634E-02  9.940E-03  6.092E-04 
  54.015   2.781E-02  2.361E-02  2.892E-02  2.364E-02  2.719E-02  2.021E-02  1.575E-02  1.544E-03  1.294E-04 
  75.621   2.259E-02  2.870E-02  2.364E-02  2.739E-02  2.071E-02  1.686E-02  1.105E-02  7.283E-04  0.000E+00 
  97.227  2.840E-02  2.329E-02  2.719E-02  2.071E-02  2.181E-02  1.222E-02  1.297E-03  1.339E-04  0.000E+00 
  118.833  2.273E-02  2.619E-02  2.021E-02  1.686E-02  1.222E-02  1.351E-03  1.648E-04  0.000E+00  0.000E+00 
  140.439  2.005E-02  1.634E-02  1.575E-02  1.105E-02  1.297E-03  1.648E-04  0.000E+00  0.000E+00  0.000E+00 
  162.045  1.259E-02  9.940E-03  1.544E-03  7.283E-04  1.339E-04  0.000E+00  0.000E+00  0.000E+00  0.000E+00 
  183.651  8.180E-04  6.092E-04  1.294E-04  0.000E+00  0.000E+00  0.000E+00  0.000E+00  0.000E+00  0.000E+00 
