    0.000   10.803   32.409   54.015   75.621   97.227  118.833  140.439  162.045  183.651
  10.803   2.060E-02  2.232E-02  2.442E-02  2.447E-02  2.479E-02  2.314E-02  1.872E-02  1.280E-02  1.807E-03 
  32.409   2.232E-02  2.371E-02  2.483E-02  2.513E-02  2.445E-02  2.289E-02  1.877E-02  1.036E-02  1.346E-03 
  54.015   2.442E-02  2.483E-02  2.539E-02  2.487E-02  2.379E-02  2.163E-02  1.655E-02  3.786E-03  3.204E-04 
  75.621   2.447E-02  2.513E-02  2.487E-02  2.396E-02  2.196E-02  1.923E-02  1.154E-02  1.622E-03  0.000E+00 
  97.227  2.479E-02  2.445E-02  2.379E-02  2.196E-02  1.885E-02  1.265E-02  3.165E-03  3.313E-04  0.000E+00 
  118.833  2.314E-02  2.289E-02  2.163E-02  1.923E-02  1.265E-02  3.286E-03  4.103E-04  0.000E+00  0.000E+00 
  140.439  1.872E-02  1.877E-02  1.655E-02  1.154E-02  3.165E-03  4.103E-04  0.000E+00  0.000E+00  0.000E+00 
  162.045  1.280E-02  1.036E-02  3.786E-03  1.622E-03  3.313E-04  0.000E+00  0.000E+00  0.000E+00  0.000E+00 
  183.651  1.807E-03  1.346E-03  3.204E-04  0.000E+00  0.000E+00  0.000E+00  0.000E+00  0.000E+00  0.000E+00 
