    0.000   10.803   32.409   54.015   75.621   97.227  118.833  140.439  162.045  183.651
  *********     1.013   1.027   1.121   1.081   1.155   1.157   0.977   0.812   0.000
  *********     1.027   1.105   1.130   1.147   1.126   1.098   0.999   0.631   0.000
  *********     1.121   1.130   1.153   1.124   1.094   0.995   0.925   0.000   0.000
  *********     1.081   1.147   1.124   1.091   0.993   0.954   0.640   0.000   0.000
  *********     1.155   1.126   1.094   0.993   0.878   0.692   0.000   0.000   0.000
  *********     1.157   1.098   0.995   0.954   0.692   0.000   0.000   0.000   0.000
  *********     0.977   0.999   0.925   0.640   0.000   0.000   0.000   0.000   0.000
  *********     0.812   0.631   0.000   0.000   0.000   0.000   0.000   0.000   0.000
  *********     0.000   0.000   0.000   0.000   0.000   0.000   0.000   0.000   0.000
