    0.000   15.000   30.000   45.000   60.000   75.000   90.000  105.000  120.000  135.000  150.000  165.000
     15.000   7.804E-03  4.386E-03  4.101E-03  5.066E-03  7.822E-03  1.750E-02  2.096E-02  1.574E-02  9.817E-03  8.809E-03  8.216E-04 
     30.000   4.386E-03  3.978E-03  4.038E-03  4.860E-03  6.643E-03  9.287E-03  1.135E-02  1.359E-02  9.217E-03  8.413E-03  7.916E-04 
     45.000   4.101E-03  4.038E-03  4.206E-03  4.874E-03  6.110E-03  7.710E-03  9.507E-03  1.241E-02  8.775E-03  8.133E-03  7.704E-04 
     60.000   5.066E-03  4.860E-03  4.874E-03  5.463E-03  6.691E-03  8.290E-03  1.003E-02  1.290E-02  9.041E-03  8.339E-03  7.878E-04 
     75.000   7.822E-03  6.643E-03  6.110E-03  6.691E-03  8.522E-03  1.132E-02  1.315E-02  1.503E-02  9.872E-03  8.865E-03  8.237E-04 
     90.000   1.750E-02  9.287E-03  7.710E-03  8.290E-03  1.132E-02  2.323E-02  2.569E-02  1.772E-02  1.025E-02  8.769E-03  7.869E-04 
    105.000   2.096E-02  1.135E-02  9.507E-03  1.003E-02  1.315E-02  2.569E-02  2.702E-02  1.706E-02  8.944E-03  6.500E-03  5.869E-04 
    120.000   1.574E-02  1.359E-02  1.241E-02  1.290E-02  1.503E-02  1.772E-02  1.706E-02  1.418E-02  1.400E-02  2.848E-03  2.427E-04 
    135.000   9.816E-03  9.217E-03  8.775E-03  9.041E-03  9.872E-03  1.025E-02  8.944E-03  1.400E-02  4.226E-03  5.619E-04  3.719E-05 
    150.000   8.809E-03  8.413E-03  8.133E-03  8.339E-03  8.865E-03  8.769E-03  6.500E-03  2.848E-03  5.619E-04  4.622E-05  2.260E-07 
    165.000   8.216E-04  7.916E-04  7.704E-04  7.878E-04  8.237E-04  7.869E-04  5.869E-04  2.427E-04  3.719E-05  2.260E-07  1.891E-09 
