    0.000   15.000   30.000   45.000   60.000   75.000   90.000  105.000  120.000  135.000  150.000  165.000
     15.000   7.386E-03  5.997E-03  5.731E-03  7.085E-03  1.066E-02  1.654E-02  1.971E-02  1.778E-02  1.051E-02  1.632E-03  8.082E-05 
     30.000   5.997E-03  5.548E-03  5.640E-03  6.788E-03  9.264E-03  1.269E-02  1.537E-02  1.565E-02  9.850E-03  1.555E-03  7.782E-05 
     45.000   5.731E-03  5.639E-03  5.873E-03  6.806E-03  8.534E-03  1.078E-02  1.316E-02  1.430E-02  9.368E-03  1.501E-03  7.571E-05 
     60.000   7.085E-03  6.788E-03  6.806E-03  7.629E-03  9.347E-03  1.160E-02  1.389E-02  1.487E-02  9.654E-03  1.540E-03  7.745E-05 
     75.000   1.066E-02  9.263E-03  8.534E-03  9.347E-03  1.188E-02  1.546E-02  1.779E-02  1.731E-02  1.056E-02  1.643E-03  8.100E-05 
     90.000   1.654E-02  1.269E-02  1.078E-02  1.160E-02  1.546E-02  2.195E-02  2.415E-02  2.003E-02  1.102E-02  1.637E-03  7.749E-05 
    105.000   1.971E-02  1.537E-02  1.316E-02  1.389E-02  1.779E-02  2.415E-02  2.524E-02  1.912E-02  8.921E-03  1.196E-03  6.233E-05 
    120.000   1.778E-02  1.565E-02  1.430E-02  1.487E-02  1.731E-02  2.003E-02  1.912E-02  1.286E-02  2.921E-03  3.731E-04  2.045E-05 
    135.000   1.051E-02  9.850E-03  9.368E-03  9.654E-03  1.056E-02  1.102E-02  8.921E-03  2.921E-03  5.545E-04  4.962E-05  2.464E-06 
    150.000   1.632E-03  1.555E-03  1.501E-03  1.540E-03  1.643E-03  1.637E-03  1.196E-03  3.731E-04  4.962E-05  2.541E-06  2.603E-09 
    165.000   8.082E-05  7.782E-05  7.570E-05  7.745E-05  8.100E-05  7.749E-05  6.233E-05  2.045E-05  2.464E-06  2.603E-09  1.765E-10 
