    0.000   15.000   30.000   45.000   60.000   75.000   90.000  105.000  120.000  135.000  150.000  165.000
  *********   7.282E-03  5.931E-03  5.680E-03  7.036E-03  1.060E-02  1.643E-02  1.960E-02  1.774E-02  1.054E-02  1.658E-03  8.304E-05 
  *********   5.930E-03  5.486E-03  5.591E-03  6.740E-03  9.197E-03  1.263E-02  1.532E-02  1.562E-02  9.879E-03  1.581E-03  7.989E-05 
  *********   5.679E-03  5.591E-03  5.828E-03  6.762E-03  8.493E-03  1.075E-02  1.314E-02  1.431E-02  9.411E-03  1.526E-03  7.767E-05 
  *********   7.035E-03  6.739E-03  6.762E-03  7.590E-03  9.316E-03  1.158E-02  1.390E-02  1.490E-02  9.711E-03  1.568E-03  7.954E-05 
  *********   1.060E-02  9.195E-03  8.491E-03  9.316E-03  1.185E-02  1.546E-02  1.781E-02  1.733E-02  1.063E-02  1.676E-03  8.366E-05 
  *********   1.642E-02  1.263E-02  1.075E-02  1.158E-02  1.546E-02  2.195E-02  2.416E-02  2.009E-02  1.110E-02  1.678E-03  8.135E-05 
  *********   1.959E-02  1.532E-02  1.314E-02  1.389E-02  1.781E-02  2.416E-02  2.528E-02  1.922E-02  9.051E-03  1.243E-03  5.916E-05 
  *********   1.773E-02  1.562E-02  1.431E-02  1.490E-02  1.733E-02  2.009E-02  1.922E-02  1.305E-02  3.036E-03  3.533E-04  2.238E-05 
  *********   1.054E-02  9.877E-03  9.409E-03  9.709E-03  1.063E-02  1.110E-02  9.051E-03  3.036E-03  5.287E-04  5.298E-05  4.560E-06 
  *********   1.658E-03  1.581E-03  1.525E-03  1.567E-03  1.676E-03  1.678E-03  1.243E-03  3.533E-04  5.298E-05  6.988E-06  6.855E-07 
  *********   8.301E-05  7.987E-05  7.765E-05  7.952E-05  8.365E-05  8.134E-05  5.916E-05  2.238E-05  4.560E-06  6.855E-07  7.780E-08 
