    0.000   15.000   30.000   45.000   60.000   75.000   90.000  105.000  120.000  135.000  150.000  165.000
     15.000     0.348   0.252   0.237   0.293   0.453   0.787   0.943   2.380   1.494   0.000   0.000
     30.000     0.252   0.229   0.233   0.281   0.384   0.538   0.659   2.054   1.402   0.000   0.000
     45.000     0.237   0.233   0.243   0.282   0.354   0.448   0.553   1.880   1.337   0.000   0.000
     60.000     0.293   0.281   0.282   0.316   0.388   0.483   0.585   1.957   1.379   0.000   0.000
     75.000     0.452   0.384   0.354   0.388   0.495   0.659   0.766   2.278   1.507   0.000   0.000
     90.000     0.786   0.538   0.448   0.483   0.659   1.051   1.164   2.698   1.570   0.000   0.000
    105.000     0.943   0.658   0.553   0.585   0.766   1.164   1.226   2.607   1.382   0.000   0.000
    120.000     2.379   2.053   1.879   1.957   2.278   2.698   2.607   0.761   0.000   0.000   0.000
    135.000     1.494   1.402   1.337   1.379   1.507   1.570   1.382   0.000   0.000   0.000   0.000
    150.000     0.000   0.000   0.000   0.000   0.000   0.000   0.000   0.000   0.000   0.000   0.000
    165.000     0.000   0.000   0.000   0.000   0.000   0.000   0.000   0.000   0.000   0.000   0.000
