    0.000   10.803   32.409   54.015   75.621   97.227  118.833  140.439  162.045  183.651
  *********   2.619E-02  3.076E-02  2.816E-02  3.595E-02  3.373E-02  1.927E-02  1.055E-02  8.998E-03  1.380E-03 
  *********   3.076E-02  3.441E-02  3.247E-02  3.559E-02  2.770E-02  1.476E-02  1.071E-02  7.203E-03  1.010E-03 
  *********   2.816E-02  3.247E-02  2.660E-02  2.833E-02  1.923E-02  1.484E-02  8.644E-03  2.153E-03  2.260E-04 
  *********   3.595E-02  3.559E-02  2.833E-02  2.678E-02  2.022E-02  1.712E-02  9.206E-03  1.144E-03  0.000E+00 
  *********   3.373E-02  2.770E-02  1.923E-02  2.022E-02  1.432E-02  1.139E-02  2.961E-03  2.909E-04  0.000E+00 
  *********   1.927E-02  1.476E-02  1.484E-02  1.712E-02  1.139E-02  2.880E-03  3.934E-04  0.000E+00  0.000E+00 
  *********   1.055E-02  1.071E-02  8.644E-03  9.206E-03  2.961E-03  3.934E-04  0.000E+00  0.000E+00  0.000E+00 
  *********   8.998E-03  7.203E-03  2.153E-03  1.144E-03  2.909E-04  0.000E+00  0.000E+00  0.000E+00  0.000E+00 
  *********   1.380E-03  1.010E-03  2.260E-04  0.000E+00  0.000E+00  0.000E+00  0.000E+00  0.000E+00  0.000E+00 
