    0.000   10.803   32.409   54.015   75.621   97.227  118.833  140.439  162.045  183.651
  *********     0.963   1.477   1.040   1.757   1.769   0.982   0.388   0.535   0.000
  *********     1.477   1.795   1.615   1.861   1.387   0.545   0.550   0.425   0.000
  *********     1.040   1.615   0.986   1.410   0.711   0.710   0.375   0.000   0.000
  *********     1.757   1.861   1.410   1.401   0.994   0.930   0.536   0.000   0.000
  *********     1.769   1.387   0.711   0.994   0.532   0.666   0.000   0.000   0.000
  *********     0.982   0.545   0.710   0.930   0.666   0.000   0.000   0.000   0.000
  *********     0.388   0.550   0.375   0.536   0.000   0.000   0.000   0.000   0.000
  *********     0.535   0.425   0.000   0.000   0.000   0.000   0.000   0.000   0.000
  *********     0.000   0.000   0.000   0.000   0.000   0.000   0.000   0.000   0.000
