    0.000   10.803   32.409   54.015   75.621   97.227  118.833  140.439  162.045  183.651
     10.803   5.767E-02  4.846E-02  3.225E-02  3.391E-02  2.963E-02  1.626E-02  8.718E-03  7.445E-03  1.130E-03 
     32.409   4.846E-02  4.649E-02  3.546E-02  3.331E-02  2.436E-02  1.250E-02  8.937E-03  5.936E-03  8.201E-04 
     54.015   3.225E-02  3.546E-02  2.645E-02  2.567E-02  1.665E-02  1.253E-02  7.160E-03  1.787E-03  2.158E-04 
     75.621   3.391E-02  3.331E-02  2.567E-02  2.312E-02  1.709E-02  1.435E-02  7.661E-03  8.921E-04  0.000E+00 
     97.227   2.963E-02  2.436E-02  1.665E-02  1.709E-02  1.207E-02  9.624E-03  2.471E-03  2.792E-04  0.000E+00 
    118.833   1.626E-02  1.250E-02  1.253E-02  1.435E-02  9.624E-03  2.379E-03  3.905E-04  0.000E+00  0.000E+00 
    140.439   8.718E-03  8.937E-03  7.160E-03  7.661E-03  2.471E-03  3.905E-04  0.000E+00  0.000E+00  0.000E+00 
    162.045   7.445E-03  5.936E-03  1.787E-03  8.921E-04  2.792E-04  0.000E+00  0.000E+00  0.000E+00  0.000E+00 
    183.651   1.130E-03  8.201E-04  2.158E-04  0.000E+00  0.000E+00  0.000E+00  0.000E+00  0.000E+00  0.000E+00 
