    0.000   10.803   32.409   54.015   75.621   97.227  118.833  140.439  162.045  183.651
  12293.813   2.268E-02  2.989E-02  2.446E-02  3.562E-02  4.292E-02  1.971E-02  8.918E-03  9.067E-03  7.878E-04 
  12315.420   2.989E-02  4.355E-02  3.266E-02  4.522E-02  2.799E-02  1.268E-02  9.310E-03  7.198E-03  5.768E-04 
  12337.026   2.446E-02  3.266E-02  2.316E-02  2.840E-02  1.658E-02  1.398E-02  6.167E-03  1.068E-03  1.175E-04 
  12358.633   3.562E-02  4.522E-02  2.840E-02  3.367E-02  1.971E-02  1.573E-02  9.052E-03  6.496E-04  0.000E+00 
  12380.239   4.292E-02  2.799E-02  1.658E-02  1.971E-02  1.222E-02  1.129E-02  1.528E-03  1.513E-04  0.000E+00 
  12401.846   1.971E-02  1.268E-02  1.398E-02  1.573E-02  1.129E-02  1.487E-03  2.038E-04  0.000E+00  0.000E+00 
  12423.452   8.918E-03  9.310E-03  6.167E-03  9.052E-03  1.528E-03  2.038E-04  0.000E+00  0.000E+00  0.000E+00 
  12445.059   9.067E-03  7.198E-03  1.068E-03  6.496E-04  1.513E-04  0.000E+00  0.000E+00  0.000E+00  0.000E+00 
  12466.665   7.878E-04  5.768E-04  1.175E-04  0.000E+00  0.000E+00  0.000E+00  0.000E+00  0.000E+00  0.000E+00 
