    0.000   10.803   32.409   54.015   75.621   97.227  118.833  140.439  162.045  183.651
  12293.813   2.645E-02  3.104E-02  2.842E-02  3.624E-02  3.399E-02  1.928E-02  1.041E-02  8.797E-03  1.352E-03 
  12315.420   3.104E-02  3.476E-02  3.274E-02  3.589E-02  2.784E-02  1.473E-02  1.053E-02  7.044E-03  9.905E-04 
  12337.026   2.842E-02  3.274E-02  2.679E-02  2.845E-02  1.921E-02  1.465E-02  8.471E-03  2.111E-03  2.217E-04 
  12358.633   3.624E-02  3.589E-02  2.845E-02  2.680E-02  2.005E-02  1.678E-02  9.000E-03  1.122E-03  0.000E+00 
  12380.239   3.399E-02  2.784E-02  1.921E-02  2.005E-02  1.414E-02  1.117E-02  2.905E-03  2.854E-04  0.000E+00 
  12401.846   1.928E-02  1.473E-02  1.465E-02  1.678E-02  1.117E-02  2.834E-03  3.869E-04  0.000E+00  0.000E+00 
  12423.452   1.041E-02  1.053E-02  8.471E-03  9.000E-03  2.905E-03  3.869E-04  0.000E+00  0.000E+00  0.000E+00 
  12445.059   8.797E-03  7.044E-03  2.111E-03  1.122E-03  2.854E-04  0.000E+00  0.000E+00  0.000E+00  0.000E+00 
  12466.665   1.352E-03  9.905E-04  2.217E-04  0.000E+00  0.000E+00  0.000E+00  0.000E+00  0.000E+00  0.000E+00 
