                                                                                
      /\               /\                                                       
     //\\             //\\                                                      
    //**\\           //**\\                                                     
   //****\\         //****\\                                                    
  //******\\       //******\\   ____                   _   _           _        
  ---------   /*\   ---------  / __ \                 | \ | |         | |       
             (***)            | |  | |_ __   ___ _ __ |  \| | ___   __| | ___   
              \*/             | |  | | "_ \ / _ \ "_ \| . ` |/ _"\ / _" |/ _ \  
                              | |__| | |_) |  __/ | | | |\  | |_) | (_| |  __/  
              //\\             \____/| .__/ \___)_| |_|_| \_|\___/ \___/ \___|  
             //**\\                  | |                                        
            //****\\                 |_|                                        
           //******\\                                                           
           ----------                                                           
                                                                                
 ____________________________________________________________
          | The OpenNode, Nodal Methods for Neutron Diffusion
 Version  | Version Number: 1.1                              
 Copyright| 2021 Radiation & Nuclear System Laboratory       
          | University Abdelmalk Essaadi                     
          | Faculty of Sciences, Tetouan, Morocco            
 Source   | FORTRAN90 version                                
 GUI      | PyQt5                                            
 Method   | The Nodal Expansion Method (NEM)                 
 Dimension| Three Dimensions (3D)                            
 Geometry | Cartesian                                        
 ____________________________________________________________
                        =====================
   Calculation Mode :    Forward Calculation 
   ----------------     =====================

            --------------------------------------------
            >>>> Writing Macroscopic Cross Sections <<<<
            --------------------------------------------
     Material  1
    Group   Transport    Diffusion  Absorption    Removal      Nu*Fiss      Kap*Fis    Fiss. Spctr
       1     0.235100    1.417836    0.008550    0.025970     0.005360     0.002200     1.000000
       2     0.892700    0.373399    0.066300    0.066300     0.104330     0.042900     0.000000
         --Scattering Matrix--
           G/G'          1          2
            1        0.000000    0.017420
            2        0.000000    0.000000

            -------------------------------
            >>>>>Wrting Core Geometry<<<<<
            -------------------------------
  Number of Assembly in x, y and z Directions Respectively :
          10          10           1
  Number of Nodes in x, y and z Directions Respectively :
          10          10           1

  x-Directed Nodes Divison (Delta-x)
     6.00   6.00   6.00   6.00   6.00   6.00   6.00   6.00   6.00   6.00
  y-Directed Nodes Divison (Delta-y)
     6.00   6.00   6.00   6.00   6.00   6.00   6.00   6.00   6.00   6.00
  Planar Region :  1
        1  2  3  4  5  6  7  8  9 10
    10  1  1  1  1  1  1  1  1  1  1 
     9  1  1  1  1  1  1  1  1  1  1 
     8  1  1  1  1  1  1  1  1  1  1 
     7  1  1  1  1  1  1  1  1  1  1 
     6  1  1  1  1  1  1  1  1  1  1 
     5  1  1  1  1  1  1  1  1  1  1 
     4  1  1  1  1  1  1  1  1  1  1 
     3  1  1  1  1  1  1  1  1  1  1 
     2  1  1  1  1  1  1  1  1  1  1 
     1  1  1  1  1  1  1  1  1  1  1 

  Planar Region Assignment to Planes.
 -------------------------------------
   Plane Number     Planar Region    Delta-z
        1 (Top)            1           6.00

   Boundary Conditions
   -------------------
  X-Directed West   : Zero Flux
  X-Directed East   : Zero Flux
  Y-Directed North  : Zero Flux
  Y-Directed South  : Zero Flux
  Z-Directed Bottom : Reflective
  Z-Directed Top    : Reflective

  ...Core Geometry is Sucessfully Read...
     ---------------------------------


  ================================================================================================
                                        Calculation Results
  ================================================================================================

   Iteration    Keff     FissSrc Error   Inner Error
  ----------------------------------------------------
       1       1.707116    1.04834E+00    2.67150E+00
       2       1.154120    1.43361E+00    1.62753E+00
       3       0.954104    6.68594E-01    7.35543E-01
       4       0.891713    3.28120E-01    3.58113E-01
     ...Fission Source Extrapolated...
       5       0.867103    4.57855E-01    1.89437E-01
       6       0.887049    7.59192E-02    1.44278E-01
       7       0.899198    5.36078E-02    5.95735E-02
       8       0.910122    3.49579E-02    3.62501E-02
       9       0.919070    2.61717E-02    2.68179E-02
     ...Fission Source Extrapolated...
      10       0.948058    7.60238E-02    2.00075E-02
      11       0.931901    3.75449E-02    3.56960E-02
      12       0.936622    1.00989E-02    1.10670E-02
      13       0.939826    6.41415E-03    6.81234E-03
      14       0.942001    4.37752E-03    4.57695E-03
     ...Fission Source Extrapolated...
      15       0.946753    9.70517E-03    3.17396E-03
      16       0.944542    3.85683E-03    3.20773E-03
      17       0.945310    1.47460E-03    1.58973E-03
      18       0.945822    9.62491E-04    1.01614E-03
      19       0.946166    6.57487E-04    6.87151E-04
     ...Fission Source Extrapolated...
      20       0.946891    1.42682E-03    4.74961E-04
      21       0.946560    5.56005E-04    4.43769E-04
      22       0.946676    2.18333E-04    2.35101E-04
      23       0.946753    1.42522E-04    1.50465E-04
      24       0.946805    9.71239E-05    1.01556E-04
     ...Fission Source Extrapolated...
      25       0.946912    2.08552E-04    7.00086E-05
      26       0.946864    8.06925E-05    6.33287E-05
      27       0.946881    3.20257E-05    3.44704E-05
      28       0.946892    2.09045E-05    2.20694E-05
      29       0.946900    1.42320E-05    1.48843E-05
     ...Fission Source Extrapolated...
      30       0.946916    3.04041E-05    1.02500E-05
      31       0.946909    1.17187E-05    9.15036E-06
      32       0.946911    4.68033E-06    5.03654E-06

 ***********************************************
Effective Factor Multiplication : Keff = 0.946911
 ***********************************************


     Radial Power Distribution
   ==============================
           1       2       3       4       5       6       7       8       9      10
    10   0.060   0.174   0.271   0.341   0.378   0.378   0.341   0.271   0.174   0.060
     9   0.174   0.504   0.786   0.990   1.097   1.097   0.990   0.786   0.504   0.174
     8   0.271   0.786   1.224   1.542   1.709   1.709   1.542   1.224   0.786   0.271
     7   0.341   0.990   1.542   1.943   2.153   2.153   1.943   1.542   0.990   0.341
     6   0.378   1.097   1.709   2.153   2.387   2.387   2.153   1.709   1.097   0.378
     5   0.378   1.097   1.709   2.153   2.387   2.387   2.153   1.709   1.097   0.378
     4   0.341   0.990   1.542   1.943   2.153   2.153   1.943   1.542   0.990   0.341
     3   0.271   0.786   1.224   1.542   1.709   1.709   1.542   1.224   0.786   0.271
     2   0.174   0.504   0.786   0.990   1.097   1.097   0.990   0.786   0.504   0.174
     1   0.060   0.174   0.271   0.341   0.378   0.378   0.341   0.271   0.174   0.060

   MAX POS.       Maximum Value
  (  5,  6)          2.387


     Axial Power Density Distribution
   ====================================

     Plane Number        Power      Height
    -----------------------------------------
         1  (Top)        1.000        6.00

   MAX POS.       Maximum Value
    (  1)             1.000

     Radial Flux Distribution
   ==============================
    Group :   1
             1          2          3          4          5          6          7          8          9         10
    10   5.990E-04  1.738E-03  2.707E-03  3.411E-03  3.782E-03  3.782E-03  3.411E-03  2.707E-03  1.738E-03  5.990E-04 
     9   1.738E-03  5.044E-03  7.856E-03  9.899E-03  1.097E-02  1.097E-02  9.899E-03  7.856E-03  5.044E-03  1.738E-03 
     8   2.707E-03  7.856E-03  1.224E-02  1.542E-02  1.709E-02  1.709E-02  1.542E-02  1.224E-02  7.856E-03  2.707E-03 
     7   3.411E-03  9.899E-03  1.542E-02  1.943E-02  2.153E-02  2.153E-02  1.943E-02  1.542E-02  9.899E-03  3.411E-03 
     6   3.782E-03  1.097E-02  1.709E-02  2.153E-02  2.387E-02  2.387E-02  2.153E-02  1.709E-02  1.097E-02  3.782E-03 
     5   3.782E-03  1.097E-02  1.709E-02  2.153E-02  2.387E-02  2.387E-02  2.153E-02  1.709E-02  1.097E-02  3.782E-03 
     4   3.411E-03  9.899E-03  1.542E-02  1.943E-02  2.153E-02  2.153E-02  1.943E-02  1.542E-02  9.899E-03  3.411E-03 
     3   2.707E-03  7.856E-03  1.224E-02  1.542E-02  1.709E-02  1.709E-02  1.542E-02  1.224E-02  7.856E-03  2.707E-03 
     2   1.738E-03  5.044E-03  7.856E-03  9.899E-03  1.097E-02  1.097E-02  9.899E-03  7.856E-03  5.044E-03  1.738E-03 
     1   5.990E-04  1.738E-03  2.707E-03  3.411E-03  3.782E-03  3.782E-03  3.411E-03  2.707E-03  1.738E-03  5.990E-04 

    Group :   2
             1          2          3          4          5          6          7          8          9         10
    10   5.990E-04  1.738E-03  2.707E-03  3.411E-03  3.782E-03  3.782E-03  3.411E-03  2.707E-03  1.738E-03  5.990E-04 
     9   1.738E-03  5.044E-03  7.856E-03  9.899E-03  1.097E-02  1.097E-02  9.899E-03  7.856E-03  5.044E-03  1.738E-03 
     8   2.707E-03  7.856E-03  1.224E-02  1.542E-02  1.709E-02  1.709E-02  1.542E-02  1.224E-02  7.856E-03  2.707E-03 
     7   3.411E-03  9.899E-03  1.542E-02  1.943E-02  2.153E-02  2.153E-02  1.943E-02  1.542E-02  9.899E-03  3.411E-03 
     6   3.782E-03  1.097E-02  1.709E-02  2.153E-02  2.387E-02  2.387E-02  2.153E-02  1.709E-02  1.097E-02  3.782E-03 
     5   3.782E-03  1.097E-02  1.709E-02  2.153E-02  2.387E-02  2.387E-02  2.153E-02  1.709E-02  1.097E-02  3.782E-03 
     4   3.411E-03  9.899E-03  1.542E-02  1.943E-02  2.153E-02  2.153E-02  1.943E-02  1.542E-02  9.899E-03  3.411E-03 
     3   2.707E-03  7.856E-03  1.224E-02  1.542E-02  1.709E-02  1.709E-02  1.542E-02  1.224E-02  7.856E-03  2.707E-03 
     2   1.738E-03  5.044E-03  7.856E-03  9.899E-03  1.097E-02  1.097E-02  9.899E-03  7.856E-03  5.044E-03  1.738E-03 
     1   5.990E-04  1.738E-03  2.707E-03  3.411E-03  3.782E-03  3.782E-03  3.411E-03  2.707E-03  1.738E-03  5.990E-04 


 Total Time :   0.140625000     Seconds
