    0.000    6.000   12.000   18.000   24.000   30.000   36.000   42.000   48.000   54.000   60.000
      6.000     0.060   0.174   0.271   0.341   0.378   0.378   0.341   0.271   0.174   0.060
     12.000     0.174   0.504   0.786   0.990   1.097   1.097   0.990   0.786   0.504   0.174
     18.000     0.271   0.786   1.224   1.542   1.709   1.709   1.542   1.224   0.786   0.271
     24.000     0.341   0.990   1.542   1.943   2.153   2.153   1.943   1.542   0.990   0.341
     30.000     0.378   1.097   1.709   2.153   2.387   2.387   2.153   1.709   1.097   0.378
     36.000     0.378   1.097   1.709   2.153   2.387   2.387   2.153   1.709   1.097   0.378
     42.000     0.341   0.990   1.542   1.943   2.153   2.153   1.943   1.542   0.990   0.341
     48.000     0.271   0.786   1.224   1.542   1.709   1.709   1.542   1.224   0.786   0.271
     54.000     0.174   0.504   0.786   0.990   1.097   1.097   0.990   0.786   0.504   0.174
     60.000     0.060   0.174   0.271   0.341   0.378   0.378   0.341   0.271   0.174   0.060
