    0.000   10.803   32.409   54.015   75.621   97.227  118.833  140.439  162.045  183.651
  *********   2.190E-02  2.245E-02  2.375E-02  2.370E-02  2.444E-02  2.392E-02  2.098E-02  1.437E-02  2.022E-03 
  *********   2.245E-02  2.339E-02  2.404E-02  2.429E-02  2.396E-02  2.324E-02  1.999E-02  1.136E-02  1.490E-03 
  *********   2.375E-02  2.404E-02  2.442E-02  2.390E-02  2.310E-02  2.143E-02  1.683E-02  3.974E-03  3.544E-04 
  *********   2.370E-02  2.429E-02  2.390E-02  2.300E-02  2.119E-02  1.881E-02  1.149E-02  1.637E-03  0.000E+00 
  *********   2.444E-02  2.396E-02  2.310E-02  2.119E-02  1.820E-02  1.234E-02  3.127E-03  3.382E-04  0.000E+00 
  *********   2.392E-02  2.324E-02  2.143E-02  1.881E-02  1.234E-02  3.214E-03  4.119E-04  0.000E+00  0.000E+00 
  *********   2.098E-02  1.999E-02  1.683E-02  1.149E-02  3.127E-03  4.119E-04  0.000E+00  0.000E+00  0.000E+00 
  *********   1.437E-02  1.136E-02  3.974E-03  1.637E-03  3.382E-04  0.000E+00  0.000E+00  0.000E+00  0.000E+00 
  *********   2.022E-03  1.490E-03  3.544E-04  0.000E+00  0.000E+00  0.000E+00  0.000E+00  0.000E+00  0.000E+00 
