    0.000   10.803   32.409   54.015   75.621   97.227  118.833  140.439  162.045  183.651
  *********   2.435E-02  2.069E-02  2.700E-02  2.184E-02  2.793E-02  2.341E-02  2.348E-02  1.410E-02  8.941E-04 
  *********   2.069E-02  2.662E-02  2.281E-02  2.771E-02  2.276E-02  2.646E-02  1.733E-02  1.088E-02  6.589E-04 
  *********   2.700E-02  2.281E-02  2.780E-02  2.270E-02  2.635E-02  1.996E-02  1.598E-02  1.577E-03  1.422E-04 
  *********   2.184E-02  2.771E-02  2.270E-02  2.627E-02  1.994E-02  1.646E-02  1.102E-02  7.194E-04  0.000E+00 
  *********   2.793E-02  2.276E-02  2.635E-02  1.994E-02  2.104E-02  1.195E-02  1.247E-03  1.356E-04  0.000E+00 
  *********   2.341E-02  2.646E-02  1.996E-02  1.646E-02  1.195E-02  1.286E-03  1.646E-04  0.000E+00  0.000E+00 
  *********   2.348E-02  1.733E-02  1.598E-02  1.102E-02  1.247E-03  1.646E-04  0.000E+00  0.000E+00  0.000E+00 
  *********   1.410E-02  1.088E-02  1.577E-03  7.194E-04  1.356E-04  0.000E+00  0.000E+00  0.000E+00  0.000E+00 
  *********   8.941E-04  6.589E-04  1.422E-04  0.000E+00  0.000E+00  0.000E+00  0.000E+00  0.000E+00  0.000E+00 
