    0.000   10.803   32.409   54.015   75.621   97.227  118.833  140.439  162.045  183.651
  *********   7.100E-02  4.697E-02  2.751E-02  3.278E-02  3.669E-02  1.648E-02  7.269E-03  7.188E-03  5.915E-04 
  *********   4.697E-02  5.731E-02  3.506E-02  4.128E-02  2.417E-02  1.064E-02  7.573E-03  5.719E-03  4.336E-04 
  *********   2.751E-02  3.506E-02  2.284E-02  2.536E-02  1.420E-02  1.152E-02  5.017E-03  8.137E-04  8.831E-05 
  *********   3.278E-02  4.128E-02  2.536E-02  2.859E-02  1.632E-02  1.272E-02  7.240E-03  4.933E-04  0.000E+00 
  *********   3.669E-02  2.417E-02  1.420E-02  1.632E-02  9.964E-03  9.024E-03  1.160E-03  1.142E-04  0.000E+00 
  *********   1.648E-02  1.064E-02  1.152E-02  1.272E-02  9.024E-03  1.129E-03  1.540E-04  0.000E+00  0.000E+00 
  *********   7.269E-03  7.573E-03  5.017E-03  7.240E-03  1.160E-03  1.540E-04  0.000E+00  0.000E+00  0.000E+00 
  *********   7.188E-03  5.719E-03  8.137E-04  4.933E-04  1.142E-04  0.000E+00  0.000E+00  0.000E+00  0.000E+00 
  *********   5.915E-04  4.336E-04  8.831E-05  0.000E+00  0.000E+00  0.000E+00  0.000E+00  0.000E+00  0.000E+00 
