    0.000   10.803   32.409   54.015   75.621   97.227  118.833  140.439  162.045  183.651
  *********   5.876E-02  4.918E-02  3.257E-02  3.415E-02  2.979E-02  1.639E-02  8.568E-03  7.076E-03  1.081E-03 
  *********   4.918E-02  4.716E-02  3.596E-02  3.363E-02  2.451E-02  1.250E-02  8.669E-03  5.678E-03  7.927E-04 
  *********   3.257E-02  3.596E-02  2.686E-02  2.591E-02  1.667E-02  1.224E-02  6.949E-03  1.710E-03  1.780E-04 
  *********   3.415E-02  3.363E-02  2.591E-02  2.324E-02  1.687E-02  1.377E-02  7.305E-03  9.069E-04  0.000E+00 
  *********   2.979E-02  2.451E-02  1.667E-02  1.687E-02  1.166E-02  9.071E-03  2.347E-03  2.302E-04  0.000E+00 
  *********   1.639E-02  1.250E-02  1.224E-02  1.377E-02  9.071E-03  2.290E-03  3.121E-04  0.000E+00  0.000E+00 
  *********   8.568E-03  8.669E-03  6.949E-03  7.305E-03  2.347E-03  3.121E-04  0.000E+00  0.000E+00  0.000E+00 
  *********   7.076E-03  5.678E-03  1.710E-03  9.069E-04  2.302E-04  0.000E+00  0.000E+00  0.000E+00  0.000E+00 
  *********   1.081E-03  7.927E-04  1.780E-04  0.000E+00  0.000E+00  0.000E+00  0.000E+00  0.000E+00  0.000E+00 
