    0.000   10.803   32.409   54.015   75.621   97.227  118.833  140.439  162.045  183.651
  *********     2.975   2.349   1.186   1.640   1.539   0.829   0.315   0.420   0.000
  *********     2.349   2.403   1.758   1.729   1.213   0.459   0.443   0.334   0.000
  *********     1.186   1.758   0.984   1.274   0.613   0.583   0.301   0.000   0.000
  *********     1.640   1.729   1.274   1.203   0.823   0.743   0.424   0.000   0.000
  *********     1.539   1.213   0.613   0.823   0.431   0.528   0.000   0.000   0.000
  *********     0.829   0.459   0.583   0.743   0.528   0.000   0.000   0.000   0.000
  *********     0.315   0.443   0.301   0.424   0.000   0.000   0.000   0.000   0.000
  *********     0.420   0.334   0.000   0.000   0.000   0.000   0.000   0.000   0.000
  *********     0.000   0.000   0.000   0.000   0.000   0.000   0.000   0.000   0.000
